控制变量对应时间： 0.000000 74.339954 148.679908 223.019861 297.359815 371.699769 446.039723 520.379676 594.719630 669.059584 743.399538 817.739492 892.079445 966.419399 1040.759353 1115.099307 1189.439260 1263.779214 1338.119168 1412.459122 
倾侧角： 1.396267 -1.396267 0.524668 -1.314329 -1.396267 1.396267 0.075580 1.396267 -1.396267 1.178434 -1.396267 0.801474 0.472599 -0.952612 1.392677 -1.057286 -0.092492 -0.473183 1.157554 0.680484 
攻角： 0.174533 0.174533 0.290927 0.174533 0.336322 0.349067 0.196278 0.332933 0.174533 0.259993 0.349067 0.272107 0.176197 0.211979 0.349066 0.347340 0.176011 0.174533 0.349067 0.174533 
状态变量对应时间： 0.000000 36.216901 72.433801 108.650702 144.867602 181.084503 217.301403 253.518304 289.735204 325.952105 362.169006 398.385906 434.602807 470.819707 507.036608 543.253508 579.470409 615.687309 651.904210 688.121111 724.338011 760.554912 796.771812 832.988713 869.205613 905.422514 941.639414 977.856315 1014.073216 1050.290116 1086.507017 1122.723917 1158.940818 1195.157718 1231.374619 1267.591520 1303.808420 1340.025321 1376.242221 1412.459122 
高度： 6478000.000000 6468462.026801 6458093.889464 6446995.130855 6436448.271802 6431074.666752 6432839.144776 6435873.088192 6437538.626065 6438010.949678 6439340.257429 6439909.274219 6438888.880463 6436933.055534 6434436.576289 6430961.297527 6429902.354584 6429337.402898 6429112.208678 6429608.086502 6430852.742264 6431075.980091 6429321.355579 6427698.892811 6425174.247608 6422575.002363 6421889.585428 6421985.887939 6422751.184113 6422804.934804 6420766.058461 6420165.598898 6417708.689074 6414463.462301 6411613.601572 6409711.088038 6409435.105193 6409379.262724 6404797.603534 6398051.488542 
经度： 2.792533 2.830642 2.869710 2.909745 2.950643 2.992018 3.033016 3.073539 3.113901 3.154202 3.194726 3.235831 3.277520 3.319650 3.362084 3.404570 3.446502 3.487525 3.527606 3.566815 3.605025 3.642199 3.678415 3.713651 3.747705 3.780241 3.810918 3.839839 3.867084 3.892532 3.915930 3.937609 3.958022 3.977032 3.994306 4.009617 4.022848 4.033995 4.042891 4.049173 
纬度： 0.436333 0.457361 0.477778 0.497548 0.516580 0.534349 0.551140 0.567500 0.583460 0.599014 0.613699 0.626927 0.638752 0.649384 0.658624 0.665841 0.671337 0.676394 0.680975 0.683956 0.685458 0.686819 0.688216 0.688659 0.687598 0.685226 0.682162 0.679481 0.677221 0.673931 0.669183 0.664640 0.661409 0.658939 0.656816 0.655334 0.654392 0.652768 0.649802 0.645978 
速度： 7200.000000 7211.682119 7222.581505 7225.020370 7178.684683 7008.663115 6823.339444 6702.489337 6605.458224 6513.052930 6429.543656 6363.784022 6308.606354 6248.338204 6156.458576 6011.870954 5836.773139 5684.615954 5510.338557 5344.659298 5182.408263 5045.247862 4904.707992 4754.580128 4584.735126 4376.469715 4128.376795 3899.605568 3671.005710 3469.021547 3241.256061 3013.728725 2806.503782 2582.916316 2311.976073 2016.628892 1720.496923 1472.668677 1260.174589 996.223655 
航迹角： -0.034907 -0.038164 -0.041178 -0.043046 -0.035024 -0.004894 0.013624 0.010062 0.003405 0.002898 0.006452 -0.001770 -0.006743 -0.010071 -0.012853 -0.014874 0.002313 -0.007044 0.005271 0.000488 0.010594 -0.009184 -0.007957 -0.012403 -0.016469 -0.013247 0.003142 -0.002128 0.012616 -0.016995 -0.007944 -0.011979 -0.030957 -0.034649 -0.028028 -0.020976 0.012545 -0.036937 -0.142951 -0.180288 
航向角： 1.012293 1.031239 1.051102 1.070947 1.094426 1.122402 1.124951 1.128065 1.132569 1.141259 1.173392 1.214481 1.249489 1.281629 1.327678 1.389010 1.413787 1.415146 1.442438 1.504185 1.527596 1.518134 1.530312 1.583054 1.638914 1.688316 1.701660 1.674737 1.693604 1.784948 1.849044 1.799399 1.744003 1.729632 1.714402 1.665433 1.680349 1.855014 2.092762 2.367462 
热流密度： 26.440692 51.285896 105.298252 226.522039 459.214666 616.704835 501.879617 384.889090 327.740634 303.472327 265.872788 247.501152 258.349796 286.827810 325.150554 383.354427 375.718499 359.449509 330.964821 290.519203 241.960328 218.961169 226.069063 229.234205 243.269724 251.358569 219.268026 182.013196 142.742232 118.993332 110.572931 91.633420 86.724550 83.504460 71.683076 53.136181 32.838966 20.196781 16.953300 12.872357 
动压： 32.757080 122.384917 512.571024 2368.656959 10007.550647 20008.414767 14869.671928 9443.763579 7290.665347 6641.308394 5388.432006 4880.534222 5520.669826 7091.601302 9712.591744 14953.702701 16310.652326 16724.386830 16210.123528 14242.389130 11279.546014 10366.417572 12477.712367 14664.450030 19311.416074 25179.307144 24625.710613 21682.336924 17290.935101 15326.551049 17722.277932 16643.673363 20251.685177 26830.833880 31841.549288 31490.402245 23809.837978 17579.312546 24207.262520 38341.662867 
过载： 0.001376 0.005124 0.021392 0.119076 0.599293 1.041283 0.636795 0.493532 0.482628 0.466056 0.384555 0.300871 0.269369 0.372035 0.622614 0.892980 0.760063 0.756762 0.844798 0.847286 0.759478 0.707798 0.766865 0.794913 0.895982 1.075439 1.119711 1.103409 1.080407 1.094879 1.262686 1.129842 1.075659 1.118407 1.323154 1.348646 1.353387 1.238797 1.337427 1.586087 

控制变量对应时间： 0.000000 74.355031 148.710061 223.065092 297.420122 371.775153 446.130183 520.485214 594.840244 669.195275 743.550305 817.905336 892.260366 966.615397 1040.970427 1115.325458 1189.680488 1264.035519 1338.390549 1412.745580 
倾侧角： -1.396267 0.008364 -0.380833 1.396267 0.863128 0.661255 -1.396267 -0.315964 -0.762408 1.396267 -1.396267 -0.148275 -0.793505 1.159018 -0.543384 -0.570555 0.623174 -0.970943 0.252897 1.382137 
攻角： 0.329984 0.176673 0.310224 0.174533 0.174533 0.203129 0.286053 0.178441 0.175446 0.264737 0.349067 0.174621 0.174534 0.206017 0.174533 0.174533 0.196853 0.339352 0.263977 0.174533 
状态变量对应时间： 0.000000 36.224246 72.448491 108.672737 144.896983 181.121228 217.345474 253.569719 289.793965 326.018211 362.242456 398.466702 434.690948 470.915193 507.139439 543.363685 579.587930 615.812176 652.036422 688.260667 724.484913 760.709158 796.933404 833.157650 869.381895 905.606141 941.830387 978.054632 1014.278878 1050.503124 1086.727369 1122.951615 1159.175861 1195.400106 1231.624352 1267.848597 1304.072843 1340.297089 1376.521334 1412.745580 
高度： 6478000.000000 6468460.652102 6458103.248804 6447154.246423 6436857.948391 6431734.285492 6433162.673323 6435430.720963 6436831.818546 6437554.658340 6437623.249139 6437287.917189 6437130.020522 6435762.607229 6433163.343798 6431083.884255 6430093.764715 6429716.073266 6430784.189613 6430728.440320 6430577.430246 6430060.924026 6427070.418116 6424659.180194 6423571.892424 6422626.695836 6422483.896850 6421843.218217 6419556.069071 6418431.146805 6417217.020373 6415343.092859 6414133.852045 6413704.728565 6413304.621044 6412954.798669 6410500.656417 6408015.398420 6404827.567540 6398013.911451 
经度： 2.792533 2.830647 2.869718 2.909772 2.950690 2.991903 3.033228 3.074904 3.116970 3.159392 3.202117 3.245049 3.287985 3.330715 3.373144 3.415153 3.456517 3.497050 3.536746 3.575708 3.613746 3.650696 3.686558 3.721232 3.754481 3.786167 3.816235 3.844757 3.871585 3.896570 3.919787 3.941224 3.960721 3.978268 3.993938 4.007945 4.020400 4.031305 4.040748 4.048441 
纬度： 0.436333 0.457368 0.477795 0.497549 0.516558 0.534655 0.551038 0.565439 0.578191 0.589486 0.599402 0.607984 0.615555 0.622584 0.629151 0.635051 0.640293 0.645094 0.649027 0.651249 0.651993 0.652641 0.653690 0.654635 0.655323 0.656200 0.657032 0.656679 0.654848 0.652658 0.651044 0.650145 0.649738 0.648944 0.647489 0.646538 0.646810 0.647490 0.647564 0.646369 
速度： 7200.000000 7211.526024 7222.242387 7224.459607 7178.379715 7015.232991 6841.353666 6725.891502 6639.400263 6566.556245 6498.303365 6427.500163 6349.634595 6265.934442 6168.211598 6044.818715 5898.458773 5744.126529 5589.093944 5449.657408 5290.929368 5136.951139 4976.694380 4786.648287 4567.340667 4342.632272 4110.500434 3899.259520 3663.649134 3408.689679 3156.402426 2892.430885 2609.692579 2352.058924 2103.613519 1871.570779 1654.622597 1437.931750 1232.938299 999.984606 
航迹角： -0.034907 -0.038160 -0.040987 -0.042083 -0.034034 -0.004488 0.010731 0.007328 0.004362 0.001656 -0.001017 -0.001112 -0.001606 -0.010277 -0.011474 -0.006938 -0.002723 0.000565 0.007308 -0.006342 0.004656 -0.012810 -0.016823 -0.009979 -0.004043 -0.006583 0.003508 -0.015101 -0.013392 -0.007238 -0.013621 -0.018760 -0.004636 -0.008467 0.001371 -0.021561 -0.046749 -0.045099 -0.100321 -0.263991 
航向角： 1.012293 1.031058 1.051056 1.072219 1.091328 1.114543 1.161535 1.205228 1.243795 1.279828 1.315504 1.348139 1.366633 1.376151 1.389120 1.407705 1.419906 1.430139 1.469923 1.528782 1.554944 1.539487 1.531247 1.543190 1.543191 1.528926 1.552737 1.625255 1.680211 1.672484 1.641980 1.604297 1.600547 1.663706 1.692079 1.599001 1.499364 1.507078 1.641074 1.945606 
热流密度： 26.440692 51.287259 105.214784 223.996563 446.369463 591.036460 494.905284 401.185793 349.702933 321.343667 309.473063 305.966061 297.663512 313.692628 357.113501 386.730068 383.278996 361.867772 308.423193 285.925809 263.230590 248.538549 276.409360 288.712344 268.443194 244.415121 207.610232 183.760477 176.786874 152.210624 129.895398 112.256086 88.243970 65.514236 47.379811 33.587043 26.982702 20.580333 15.793042 13.059837 
动压： 32.757080 122.402812 511.862069 2316.908596 9457.243807 18303.611481 14296.267752 10107.784515 8119.583667 7189.137474 6974.210576 7145.864362 7127.232405 8380.284344 11620.290280 14864.730639 16223.462704 16207.868125 13243.880960 12688.445613 12211.655456 12360.710005 17520.584337 22598.751739 23902.395161 24615.421278 22492.595652 22109.060394 26752.208575 27042.889956 27412.561173 29804.250303 28663.230776 24702.071908 20879.607370 17343.866507 19013.175637 20226.441057 23076.665797 38832.336299 
过载： 0.002257 0.006762 0.021848 0.120411 0.597543 0.986663 0.615610 0.419216 0.336949 0.310754 0.316955 0.364062 0.412594 0.451405 0.524434 0.623184 0.676436 0.738597 0.699170 0.762941 0.824815 0.792940 0.864885 0.937237 0.991154 1.042119 1.006688 1.009559 1.156186 1.121525 1.136879 1.246315 1.246969 1.153869 1.219443 1.194067 1.182089 1.125750 1.115067 1.606357 

控制变量对应时间： 0.000000 72.908481 145.816963 218.725444 291.633926 364.542407 437.450889 510.359370 583.267852 656.176333 729.084815 801.993296 874.901778 947.810259 1020.718741 1093.627222 1166.535704 1239.444185 1312.352667 1385.261148 
倾侧角： -1.396267 1.396267 -0.428300 1.394274 -1.396267 -0.993372 0.366008 1.396267 -1.396267 0.547654 -1.383270 -0.026556 -1.393884 0.968968 -1.396267 1.027113 0.294736 -1.224492 1.170520 0.621314 
攻角： 0.349067 0.348951 0.273848 0.178179 0.174533 0.174795 0.348994 0.319909 0.177897 0.174533 0.293103 0.347203 0.349067 0.174552 0.175277 0.174533 0.174533 0.340444 0.339659 0.174533 
状态变量对应时间： 0.000000 35.519517 71.039033 106.558550 142.078066 177.597583 213.117100 248.636616 284.156133 319.675650 355.195166 390.714683 426.234199 461.753716 497.273233 532.792749 568.312266 603.831783 639.351299 674.870816 710.390332 745.909849 781.429366 816.948882 852.468399 887.987916 923.507432 959.026949 994.546465 1030.065982 1065.585499 1101.105015 1136.624532 1172.144049 1207.663565 1243.183082 1278.702598 1314.222115 1349.741632 1385.261148 
高度： 6478000.000000 6468659.543693 6458559.354867 6447825.714347 6437692.913400 6431685.806562 6431658.149961 6433656.226945 6437255.459125 6440017.160491 6440657.891718 6439437.445727 6437672.879504 6436948.968054 6436597.162333 6434754.176875 6432979.406222 6430397.683205 6427541.278040 6427341.679576 6429930.634232 6431405.383147 6430265.699268 6429983.181992 6430528.740145 6428197.431155 6424232.125524 6421514.168278 6420091.648110 6418681.182517 6416207.153880 6416112.934070 6414527.465398 6412792.738029 6413222.988572 6413364.266249 6411178.579821 6409591.690132 6404344.724466 6398024.361859 
经度： 2.792533 2.829897 2.868182 2.907434 2.947580 2.988126 3.028801 3.069693 3.110650 3.151665 3.192910 3.234442 3.276190 3.318034 3.359901 3.401702 3.443194 3.484122 3.524218 3.563183 3.600869 3.637483 3.673203 3.707947 3.741675 3.774457 3.806148 3.836511 3.865146 3.891947 3.916695 3.939258 3.959724 3.977998 3.994117 4.008562 4.021431 4.032665 4.042073 4.049048 
纬度： 0.436333 0.456964 0.477002 0.496340 0.514844 0.532452 0.548432 0.562347 0.574948 0.586851 0.598064 0.608537 0.618182 0.626666 0.633611 0.638825 0.642679 0.646022 0.649022 0.650966 0.651991 0.653053 0.654283 0.655251 0.655939 0.656915 0.658228 0.658716 0.658041 0.657726 0.658423 0.658607 0.657231 0.654794 0.652239 0.650782 0.650784 0.650599 0.648909 0.646016 
速度： 7200.000000 7211.175510 7220.835179 7220.914081 7180.087088 7040.853765 6855.174348 6709.921864 6611.826297 6551.526110 6506.908836 6461.450506 6394.903585 6303.633109 6211.755418 6117.343725 6011.760265 5895.448654 5724.727280 5522.646612 5340.318064 5205.280374 5069.644943 4914.136282 4772.000045 4633.899390 4450.623008 4230.171864 3962.300784 3699.600444 3380.060048 3075.115900 2798.007699 2505.918431 2214.727344 1972.047708 1731.009156 1502.936941 1285.771114 1002.817065 
航迹角： -0.034907 -0.038035 -0.040789 -0.042218 -0.034881 -0.010759 0.006048 0.012026 0.015793 0.007239 -0.001638 -0.007991 -0.006135 -0.000908 -0.004002 -0.010854 -0.006772 -0.017291 -0.007564 0.006072 0.016732 -0.002464 -0.006707 0.003438 -0.000948 -0.026336 -0.018491 -0.018211 -0.001428 -0.024127 -0.006698 -0.005027 -0.021434 -0.011358 0.017412 -0.025955 -0.025209 -0.055217 -0.147547 -0.157976 
航向角： 1.012293 1.030717 1.050921 1.074075 1.096408 1.118687 1.166409 1.209713 1.229030 1.244858 1.263713 1.283808 1.308628 1.345865 1.392024 1.440549 1.465406 1.471625 1.487112 1.529228 1.538316 1.529474 1.527775 1.544299 1.541968 1.522516 1.523460 1.582826 1.605480 1.556953 1.527570 1.607814 1.701555 1.767464 1.749191 1.626802 1.541240 1.680645 1.919165 2.189728 
热流密度： 26.440692 50.581234 101.896021 213.535583 421.721935 599.863707 552.483065 449.998181 335.216020 269.229704 252.112896 268.248176 293.220541 294.576497 288.165993 311.787053 333.553682 374.730711 415.931403 376.558681 283.405413 236.170658 235.082993 217.298845 190.798314 204.260671 236.414966 242.960573 218.084028 193.641142 172.774164 129.107340 106.959734 85.176341 56.034175 38.499495 29.684788 21.220514 18.634571 13.167229 
动压： 32.757080 119.080880 480.482711 2110.004683 8433.034773 18561.178642 17662.315682 12847.709158 7595.504575 5096.389007 4602.227562 5369.622224 6707.981384 7201.856556 7340.962967 9178.781398 11321.752034 15541.944086 21726.363633 20783.630263 13600.877197 10544.631403 11703.836756 11433.551745 10000.608988 13004.342446 20721.907303 27228.356220 29064.509494 30776.469870 36130.326385 30296.100646 31208.982110 31795.776503 23405.508903 18199.290062 18952.648684 17780.984780 26824.047426 38996.414924 
过载： 0.002375 0.008606 0.034611 0.137949 0.494382 0.940963 0.761754 0.536836 0.315694 0.211809 0.191413 0.277751 0.447183 0.502740 0.493244 0.535792 0.527969 0.650215 0.902894 0.961114 0.761338 0.670549 0.800269 0.814946 0.714708 0.855179 1.053367 1.129379 1.207088 1.278933 1.499010 1.256198 1.293978 1.380894 1.329700 1.269474 1.320058 1.223065 1.460771 1.613142 

控制变量对应时间： 0.000000 75.594850 151.189699 226.784549 302.379398 377.974248 453.569097 529.163947 604.758796 680.353646 755.948495 831.543345 907.138194 982.733044 1058.327894 1133.922743 1209.517593 1285.112442 1360.707292 1436.302141 
倾侧角： -0.203846 -0.178294 -0.089111 -1.353858 -0.963130 -0.423910 -0.415767 -1.396267 0.683655 0.742276 -1.288433 0.580395 0.559549 0.793073 0.863921 0.173857 0.825005 -0.441644 -0.498949 -1.254806 
攻角： 0.174690 0.190481 0.334686 0.174963 0.175001 0.238885 0.259268 0.347929 0.178129 0.194248 0.174533 0.174533 0.174775 0.349067 0.294671 0.174784 0.348761 0.349067 0.317176 0.174740 
状态变量对应时间： 0.000000 36.828260 73.656520 110.484780 147.313040 184.141300 220.969560 257.797820 294.626080 331.454340 368.282600 405.110860 441.939120 478.767380 515.595640 552.423900 589.252161 626.080421 662.908681 699.736941 736.565201 773.393461 810.221721 847.049981 883.878241 920.706501 957.534761 994.363021 1031.191281 1068.019541 1104.847801 1141.676061 1178.504321 1215.332581 1252.160841 1288.989101 1325.817361 1362.645621 1399.473881 1436.302141 
高度： 6478000.000000 6468297.574883 6457749.458870 6446617.608388 6436439.331287 6432172.223723 6433803.068873 6435828.097367 6436784.758708 6436851.841765 6436620.719579 6436796.419324 6437375.178226 6437874.137042 6437406.366339 6434737.292249 6431872.533898 6429997.481970 6428338.545032 6427487.229441 6428320.387476 6427606.995431 6425027.861104 6423839.130690 6423458.398148 6423034.265359 6422889.241557 6423556.374855 6423377.517680 6420775.264472 6417243.303115 6415286.204619 6415364.711853 6416097.823363 6415780.536923 6414706.525061 6411998.445628 6408504.063119 6404699.332977 6398053.634065 
经度： 2.792533 2.831292 2.871044 2.911810 2.953457 2.995313 3.036642 3.077646 3.118713 3.160004 3.201553 3.243351 3.285392 3.327680 3.370130 3.412544 3.454815 3.497034 3.539041 3.580443 3.620853 3.660206 3.698441 3.735328 3.770646 3.804268 3.835980 3.865419 3.892542 3.917439 3.939826 3.959605 3.976824 3.991243 4.003107 4.013533 4.023341 4.032588 4.041162 4.048862 
纬度： 0.436333 0.457712 0.478458 0.498508 0.517759 0.536092 0.553845 0.571152 0.587869 0.603909 0.619206 0.633671 0.647254 0.659959 0.671933 0.683412 0.694251 0.703698 0.711265 0.716807 0.720954 0.724753 0.728346 0.730898 0.731804 0.731213 0.729102 0.725287 0.719911 0.713236 0.705504 0.697382 0.689295 0.680947 0.672418 0.664444 0.657587 0.652089 0.648221 0.646386 
速度： 7200.000000 7211.869653 7222.800387 7223.792912 7169.073655 6995.526351 6830.691852 6721.793097 6636.875582 6559.185800 6477.730365 6392.862094 6312.274166 6236.910243 6158.901310 6064.610027 5945.796295 5809.371306 5641.295967 5449.527585 5269.326711 5116.822086 4929.012819 4702.825093 4474.261865 4255.364674 4017.087687 3773.994688 3572.509682 3374.268698 3128.284050 2849.460311 2560.857977 2304.088802 2086.770662 1895.920975 1706.491118 1486.160723 1253.096640 998.858251 
航迹角： -0.034907 -0.038193 -0.041069 -0.041880 -0.031467 -0.001459 0.009853 0.005954 0.001880 -0.000912 -0.000473 0.001900 0.002721 0.000986 -0.006233 -0.015668 -0.009320 -0.008829 -0.006442 -0.000429 0.005590 -0.013485 -0.010926 -0.003709 -0.001546 -0.003330 0.002171 0.004974 -0.009813 -0.029297 -0.025664 -0.010102 0.010070 0.001762 -0.007582 -0.025447 -0.054080 -0.062058 -0.102138 -0.239744 
航向角： 1.012293 1.031496 1.051923 1.073343 1.094808 1.105783 1.105061 1.112119 1.124508 1.139758 1.157176 1.177241 1.198441 1.218840 1.232608 1.240510 1.264074 1.311262 1.366083 1.422194 1.442553 1.441892 1.454707 1.506927 1.565936 1.624540 1.698955 1.787783 1.870756 1.956379 2.037020 2.087906 2.159316 2.272485 2.345208 2.326724 2.259210 2.159924 1.989323 1.680937 
热流密度： 26.440692 51.874770 107.838222 232.369268 457.562676 568.403544 471.214891 389.598003 350.419004 336.102167 328.317783 311.166857 287.285721 267.267900 265.295722 303.752237 347.700206 367.770993 375.900051 357.472268 303.599511 290.722011 308.690956 288.963861 253.560958 222.923951 187.787898 147.333401 125.486582 125.427326 126.056583 107.506960 76.383340 52.060950 38.947762 31.004167 26.821126 22.077834 16.768356 12.977975 
动压： 32.757080 125.197543 537.527355 2494.341518 9993.080182 17134.645315 13047.553913 9557.330650 8166.214170 7902.730740 7957.190548 7564.600435 6809.546398 6206.032565 6454.844910 9042.236444 12900.188499 15947.365036 18901.872668 19834.940607 16532.722010 17200.605581 22775.572848 24424.932868 23299.790989 22344.701818 20314.485666 16354.835394 15020.976552 19182.316168 26828.954924 29152.996642 23293.188108 17043.815495 14605.384222 13979.846516 16451.137613 20198.510985 24262.558038 38533.328097 
过载： 0.001376 0.005396 0.023746 0.137615 0.674813 0.965132 0.566634 0.397094 0.339464 0.359175 0.402349 0.402394 0.373925 0.376414 0.442013 0.559058 0.613890 0.681364 0.830694 0.867533 0.698645 0.713459 0.944222 1.012774 0.966775 1.037755 1.236820 1.143593 0.977602 1.128393 1.310475 1.290870 1.361243 1.215991 1.042510 0.993787 1.121600 1.308534 1.276923 1.595218 

控制变量对应时间： 0.000000 73.693763 147.387525 221.081288 294.775050 368.468813 442.162575 515.856338 589.550100 663.243863 736.937625 810.631388 884.325151 958.018913 1031.712676 1105.406438 1179.100201 1252.793963 1326.487726 1400.181488 
倾侧角： 1.386018 1.396267 0.200145 -1.396267 -1.293937 1.396267 -1.062632 -1.074169 1.026156 0.833615 -0.786421 1.396267 -0.406541 -0.852733 0.019323 -0.539808 1.396267 -0.677310 0.756311 0.771510 
攻角： 0.241627 0.271827 0.348972 0.174533 0.174533 0.349067 0.240242 0.322146 0.227643 0.174533 0.174533 0.348396 0.349067 0.331782 0.174533 0.174702 0.349067 0.174533 0.174533 0.174544 
状态变量对应时间： 0.000000 35.902089 71.804179 107.706268 143.608358 179.510447 215.412537 251.314626 287.216716 323.118805 359.020894 394.922984 430.825073 466.727163 502.629252 538.531342 574.433431 610.335521 646.237610 682.139699 718.041789 753.943878 789.845968 825.748057 861.650147 897.552236 933.454326 969.356415 1005.258504 1041.160594 1077.062683 1112.964773 1148.866862 1184.768952 1220.671041 1256.573131 1292.475220 1328.377309 1364.279399 1400.181488 
高度： 6478000.000000 6468544.739001 6458239.827466 6447203.185185 6436733.319838 6432027.323533 6433773.329914 6435937.473630 6436535.643592 6435890.644939 6436394.983056 6437185.838570 6438121.907737 6438202.619571 6436247.737355 6433049.737140 6431563.349837 6431062.591458 6429307.998411 6426799.025396 6426042.837136 6426723.363146 6428596.777116 6429173.985371 6427489.661176 6427430.687395 6427728.771429 6426147.857327 6422915.243338 6419873.306401 6417932.229056 6417005.334009 6417687.540124 6417675.076673 6414079.008586 6411414.206188 6408719.611040 6406432.491532 6402675.619752 6398036.099458 
经度： 2.792533 2.830307 2.869030 2.908744 2.949404 2.990426 3.030983 3.071197 3.111435 3.151806 3.192403 3.233436 3.274780 3.316256 3.357784 3.399128 3.440108 3.480832 3.521224 3.560958 3.599523 3.636695 3.672548 3.707190 3.740494 3.772338 3.802896 3.832350 3.860675 3.887624 3.912855 3.936209 3.957618 3.977018 3.994154 4.009337 4.022934 4.034523 4.043631 4.049868 
纬度： 0.436333 0.457180 0.477413 0.496933 0.515503 0.532887 0.549572 0.565842 0.581583 0.596741 0.610928 0.623445 0.634555 0.644878 0.654620 0.663932 0.672497 0.679456 0.684547 0.687817 0.689674 0.691097 0.692016 0.691377 0.689033 0.685988 0.683121 0.680668 0.678657 0.676704 0.674652 0.672945 0.671442 0.668848 0.664694 0.660385 0.657026 0.653859 0.650151 0.646070 
速度： 7200.000000 7211.486391 7221.884973 7222.348732 7169.137491 6996.453610 6831.234702 6725.679294 6643.192075 6558.658723 6456.015026 6357.619327 6279.421598 6215.934588 6142.203742 6033.132385 5893.193927 5758.755467 5618.065723 5445.495304 5233.881692 5040.760971 4858.071856 4701.160740 4531.340742 4350.040547 4191.719978 4041.934867 3872.605186 3664.508881 3409.737420 3143.362995 2875.444010 2641.646471 2401.087332 2146.923166 1876.161531 1596.255972 1312.318992 998.987767 
航迹角： -0.034907 -0.038191 -0.041340 -0.043192 -0.034316 -0.002201 0.011137 0.005883 -0.001034 -0.002047 0.004898 0.002761 0.004262 -0.004385 -0.012873 -0.013582 -0.001154 -0.005577 -0.011278 -0.011479 0.003267 0.004620 0.013827 -0.008747 -0.006857 0.003882 -0.002400 -0.018932 -0.024110 -0.020212 -0.010155 -0.005070 0.015321 -0.026636 -0.039427 -0.034248 -0.035206 -0.047957 -0.095174 -0.129668 
航向角： 1.012293 1.031158 1.051693 1.075356 1.104302 1.123005 1.123094 1.129691 1.140500 1.154190 1.188954 1.235076 1.261644 1.277669 1.289923 1.297543 1.328994 1.382806 1.437208 1.491201 1.520199 1.522439 1.560777 1.631305 1.686591 1.694961 1.686055 1.668155 1.658592 1.671098 1.673915 1.652641 1.685225 1.808427 1.917613 1.894950 1.867704 1.962028 2.142948 2.400143 
热流密度： 26.440692 50.989991 104.212725 223.036868 448.396892 574.348516 472.299972 387.376593 357.557564 359.032366 329.957340 297.696677 268.425063 258.526731 284.903917 335.672108 345.384793 332.447588 347.062741 373.964398 347.730932 294.740672 230.600601 199.832951 199.872636 176.464922 153.821602 152.953957 167.023965 173.091169 157.688446 130.096963 93.750559 71.834282 68.132656 57.551912 45.320879 31.895701 22.296699 12.998977 
动压： 32.757080 120.990856 502.265491 2299.986222 9596.364785 17484.976557 13103.234788 9425.199621 8467.611612 9020.940753 8153.749594 7090.401161 6079.683011 5891.454221 7531.681955 11292.380569 13224.752240 13530.769748 16401.438840 21776.547217 22327.142539 18855.417930 13527.427750 11698.806132 13709.482255 12737.518700 11351.080541 13124.315681 18811.914290 25619.535145 28986.047309 27991.558621 21320.916507 18025.677046 24448.132604 28222.652387 31248.123029 31003.638640 35172.312575 38636.599031 
过载： 0.001737 0.006706 0.029042 0.147473 0.679566 1.008818 0.570498 0.390968 0.351357 0.472670 0.550040 0.456876 0.334830 0.335289 0.481780 0.692561 0.704602 0.643238 0.711383 0.902568 0.925479 0.902144 0.844627 0.835857 0.979973 0.903747 0.787840 0.838866 0.951083 1.062627 1.202382 1.239390 1.247029 1.242525 1.315572 1.170232 1.295149 1.284671 1.456380 1.598334 

控制变量对应时间： 0.000000 73.823918 147.647836 221.471753 295.295671 369.119589 442.943507 516.767425 590.591343 664.415260 738.239178 812.063096 885.887014 959.710932 1033.534849 1107.358767 1181.182685 1255.006603 1328.830521 1402.654438 
倾侧角： -0.055720 -0.044355 0.212905 -1.213750 1.396264 1.396267 -1.278432 0.097074 -0.378580 1.396267 -0.283370 -0.253614 0.946285 -0.134188 0.713948 -1.396267 0.889277 -1.396267 -0.097997 -1.396267 
攻角： 0.349067 0.348869 0.174848 0.174533 0.174533 0.349067 0.349067 0.174534 0.174533 0.276349 0.174533 0.174533 0.275505 0.196195 0.231292 0.277158 0.174533 0.348311 0.174533 0.174533 
状态变量对应时间： 0.000000 35.965498 71.930997 107.896495 143.861994 179.827492 215.792991 251.758489 287.723987 323.689486 359.654984 395.620483 431.585981 467.551479 503.516978 539.482476 575.447975 611.413473 647.378972 683.344470 719.309968 755.275467 791.240965 827.206464 863.171962 899.137461 935.102959 971.068457 1007.033956 1042.999454 1078.964953 1114.930451 1150.895950 1186.861448 1222.826946 1258.792445 1294.757943 1330.723442 1366.688940 1402.654438 
高度： 6478000.000000 6468544.268252 6458327.356475 6447670.142995 6437537.994548 6430382.746539 6429014.334657 6431551.409582 6436823.377665 6440957.689541 6442327.062550 6441128.243703 6439037.071277 6436017.271680 6432635.983904 6430535.178692 6430069.298295 6430812.212416 6432075.070745 6431157.865948 6428287.211639 6426311.078792 6425652.432598 6425966.819970 6426838.840215 6426764.398397 6425037.312971 6423067.147513 6421758.218480 6421000.448271 6421103.399944 6419782.802300 6415733.524151 6413770.316236 6413693.010265 6414366.542067 6409982.728637 6405551.048258 6402887.478161 6398070.033784 
经度： 2.792533 2.830373 2.869155 2.908899 2.949543 2.990736 3.031472 3.071166 3.110612 3.150534 3.191082 3.232242 3.273825 3.315478 3.357001 3.398303 3.439163 3.479407 3.519125 3.558410 3.597062 3.634699 3.671029 3.705983 3.739614 3.771930 3.802856 3.832349 3.860244 3.886229 3.910264 3.932940 3.954310 3.973689 3.990605 4.005742 4.019528 4.031554 4.041490 4.049124 
纬度： 0.436333 0.457218 0.477498 0.497107 0.515924 0.533730 0.550756 0.567420 0.583100 0.597403 0.610406 0.622085 0.632610 0.642486 0.651808 0.660181 0.667496 0.673965 0.679298 0.682922 0.684838 0.685749 0.686198 0.686248 0.685624 0.683747 0.680570 0.676729 0.672517 0.667505 0.661938 0.657151 0.653781 0.650555 0.646653 0.643692 0.642642 0.642884 0.643621 0.645333 
速度： 7200.000000 7211.304733 7220.982246 7221.248878 7186.890478 7055.314350 6822.255969 6618.461545 6501.134371 6439.189701 6392.976767 6344.791107 6284.347375 6206.262983 6103.883981 5974.735136 5825.705005 5684.317544 5556.221960 5435.778460 5294.608677 5120.906365 4925.553010 4739.431874 4566.272190 4406.289247 4245.487191 4065.930402 3855.535939 3633.636052 3411.848210 3208.818078 2953.401348 2661.267254 2352.304894 2097.473536 1864.045421 1574.791568 1276.851584 994.403051 
航迹角： -0.034907 -0.038030 -0.040534 -0.040992 -0.035869 -0.017516 0.003786 0.018167 0.022781 0.011976 -0.000200 -0.008703 -0.009995 -0.016414 -0.012845 -0.006256 0.001450 0.005608 0.004396 -0.013539 -0.013546 -0.007509 -0.000077 0.003554 0.005337 -0.007330 -0.013097 -0.012499 -0.005794 -0.005081 0.004244 -0.032589 -0.028671 -0.016973 0.018920 -0.024322 -0.083837 -0.056767 -0.061429 -0.210697 
航向角： 1.012293 1.031042 1.050991 1.072278 1.095969 1.116724 1.113478 1.113903 1.145696 1.181433 1.217448 1.254195 1.278279 1.288976 1.306201 1.334966 1.358558 1.380279 1.424034 1.481967 1.528397 1.547691 1.561915 1.577911 1.616319 1.676847 1.724223 1.746750 1.782021 1.843768 1.856233 1.797486 1.750073 1.821762 1.859034 1.739609 1.593008 1.514447 1.411571 1.122440 
热流密度： 26.440692 50.987599 103.545128 215.869117 427.522655 660.487869 652.939904 498.242221 327.462716 238.951057 212.551902 225.423855 252.639640 299.082418 358.302797 387.149934 369.205963 324.653063 276.972325 275.366157 308.917262 318.684607 295.030930 255.718007 214.160976 192.388435 192.760869 192.697193 178.389672 155.941289 126.975947 114.636096 116.697131 96.236388 65.588773 43.632213 40.702886 32.478560 20.156588 12.782052 
动压： 32.757080 120.992612 496.117582 2155.943411 8631.397631 22304.812536 25185.191127 16707.636269 7793.987019 4324.470510 3529.358882 4101.044731 5367.517508 7937.820745 12237.218250 15663.089312 15879.183979 13646.191340 10954.934970 11898.299052 16768.259958 20597.762957 20867.377765 18500.730172 15228.398167 14326.274973 16874.799604 20307.305593 21870.778204 21564.697997 18744.612769 19890.611434 29445.776818 31339.163304 24747.182219 17931.179194 25916.525501 34074.034399 32338.472546 38104.115400 
过载： 0.002375 0.008743 0.035727 0.123308 0.370365 0.923765 1.042400 0.692224 0.323507 0.226978 0.238538 0.294115 0.384712 0.484110 0.568211 0.649400 0.658417 0.627880 0.594895 0.640708 0.764297 0.854018 0.865286 0.827365 0.804691 0.798421 0.829920 0.928794 1.060882 1.112260 1.038294 1.125988 1.417394 1.364129 1.424971 1.247710 1.411854 1.411554 1.339177 1.576274 

控制变量对应时间： 0.000000 74.682952 149.365905 224.048857 298.731809 373.414761 448.097714 522.780666 597.463618 672.146571 746.829523 821.512475 896.195428 970.878380 1045.561332 1120.244284 1194.927237 1269.610189 1344.293141 1418.976094 
倾侧角： -1.384732 -0.527961 0.572505 -1.396267 -1.158155 -1.155464 1.217088 0.433916 1.194607 -0.029033 1.326829 -0.776015 0.656494 -1.381782 1.278772 -1.396267 0.631012 -1.168284 0.135757 -1.396267 
攻角： 0.174797 0.174533 0.291147 0.174576 0.349067 0.349067 0.306162 0.349067 0.348365 0.272997 0.338399 0.174896 0.174533 0.306244 0.345890 0.349067 0.214308 0.349067 0.174734 0.174533 
状态变量对应时间： 0.000000 36.384002 72.768005 109.152007 145.536010 181.920012 218.304014 254.688017 291.072019 327.456022 363.840024 400.224026 436.608029 472.992031 509.376034 545.760036 582.144038 618.528041 654.912043 691.296046 727.680048 764.064050 800.448053 836.832055 873.216058 909.600060 945.984062 982.368065 1018.752067 1055.136070 1091.520072 1127.904074 1164.288077 1200.672079 1237.056082 1273.440084 1309.824086 1346.208089 1382.592091 1418.976094 
高度： 6478000.000000 6468412.925800 6457975.695555 6446911.142992 6436499.850302 6431147.675026 6432821.484954 6435511.346777 6437150.525600 6437984.225283 6437794.644746 6436749.284338 6436669.573229 6436212.196513 6434813.534764 6434401.759585 6434580.110464 6433206.899762 6431229.255952 6430886.784901 6431580.163300 6430051.608840 6427280.012679 6425022.820292 6423303.770151 6422912.981946 6424050.272625 6423951.758525 6422635.993334 6422210.422053 6421307.922015 6420285.171986 6416245.727602 6414341.479632 6414341.698596 6414288.627324 6410542.571385 6406472.504795 6403085.841320 6398009.704886 
经度： 2.792533 2.830818 2.870069 2.910307 2.951459 2.993128 3.034417 3.075206 3.115775 3.156212 3.196604 3.236988 3.277549 3.318580 3.360012 3.401528 3.442946 3.484176 3.524952 3.564939 3.603997 3.642033 3.678809 3.714230 3.748107 3.780103 3.810159 3.838739 3.865876 3.891170 3.914345 3.935992 3.956369 3.974952 3.991449 4.006317 4.019797 4.031684 4.041743 4.049655 
纬度： 0.436333 0.457459 0.477972 0.497816 0.516836 0.534510 0.551204 0.567494 0.583406 0.598938 0.614055 0.628720 0.642490 0.654697 0.665160 0.673950 0.681003 0.686146 0.689476 0.691528 0.692310 0.691315 0.688730 0.685689 0.682623 0.678798 0.674339 0.670535 0.667670 0.664105 0.659243 0.654903 0.652106 0.649698 0.646828 0.644746 0.644191 0.644389 0.644679 0.645900 
速度： 7200.000000 7211.740012 7222.685648 7224.839431 7178.037028 7008.690574 6823.860195 6699.644320 6594.651647 6497.511856 6408.392358 6315.348804 6219.367877 6129.103532 6024.066311 5901.276234 5783.298555 5666.776541 5532.473732 5388.709807 5248.638877 5110.724888 4951.740666 4774.754508 4555.316623 4326.826646 4102.231924 3905.556244 3677.644043 3456.831680 3225.394323 3015.901760 2777.084870 2508.771455 2242.763531 2012.806055 1798.439260 1554.468875 1282.483284 996.486951 
航迹角： -0.034907 -0.038216 -0.041192 -0.042355 -0.034572 -0.004875 0.012595 0.008679 0.005086 0.001655 -0.003465 -0.003575 0.001313 -0.005682 -0.005391 0.001171 -0.001336 -0.010955 -0.006496 0.002577 0.001591 -0.016794 -0.011581 -0.014464 -0.004546 0.000121 0.011800 -0.014784 0.000810 -0.012766 0.001759 -0.030079 -0.033551 -0.011473 0.011254 -0.027145 -0.069664 -0.064699 -0.073785 -0.209410 
航向角： 1.012293 1.031184 1.051152 1.072205 1.098645 1.127640 1.129513 1.131785 1.135253 1.140115 1.146694 1.157036 1.190189 1.237595 1.284806 1.329980 1.382615 1.440030 1.488390 1.520722 1.572435 1.637678 1.678997 1.680986 1.698969 1.749342 1.757550 1.715760 1.708804 1.798149 1.844517 1.779062 1.716148 1.764790 1.786005 1.683069 1.569377 1.547808 1.488846 1.205714 
热流密度： 26.440692 51.461058 106.164391 227.819174 457.455006 613.616885 502.611690 394.078793 334.894222 301.752478 292.706282 300.410826 287.839691 283.688296 295.842717 285.242273 264.392197 272.589719 289.664366 272.977993 239.520228 244.720506 268.165000 279.368066 271.188997 236.902825 185.185347 159.713997 144.701211 122.603541 104.886033 91.087898 92.793609 76.827372 53.972799 38.527574 34.982493 29.258012 20.160432 12.920232 
动压： 32.757080 123.218076 521.005789 2396.119970 9934.855489 19808.211392 14908.190146 9918.200615 7666.190110 6634.046574 6624.181971 7430.394276 7285.875935 7536.421713 8828.463770 8967.047862 8402.942756 9749.066621 12204.673459 12138.357378 10465.810940 12250.539965 16851.343265 21387.168419 24671.954547 23490.968414 18051.596052 16585.889657 17631.283453 16518.815286 16286.151878 16395.199632 24260.069799 25741.775296 20571.698855 16691.074338 22332.583321 29239.918875 31744.360684 38583.530057 
过载： 0.001377 0.005162 0.021744 0.120494 0.595317 1.031365 0.638571 0.527128 0.523530 0.475251 0.474551 0.510906 0.473104 0.499915 0.619411 0.641619 0.600811 0.658204 0.742633 0.737279 0.696002 0.767938 0.824097 0.887824 1.023318 1.061107 1.008857 1.073753 1.203229 1.172022 1.160094 1.129498 1.384902 1.273245 1.248988 1.163712 1.218656 1.212556 1.315117 1.596071 

控制变量对应时间： 0.000000 73.281026 146.562053 219.843079 293.124106 366.405132 439.686159 512.967185 586.248212 659.529238 732.810265 806.091291 879.372318 952.653344 1025.934371 1099.215397 1172.496424 1245.777450 1319.058477 1392.339503 
倾侧角： 1.396267 0.288310 -0.312099 1.396264 1.396267 -1.396267 -0.514142 -0.465714 -1.395067 -0.607452 1.138042 -1.396267 -0.407967 0.980662 0.210850 -1.396267 1.393686 -0.547041 0.996126 0.765713 
攻角： 0.349030 0.349067 0.322801 0.307570 0.275547 0.349067 0.249100 0.349067 0.349067 0.240193 0.174533 0.349067 0.174533 0.174533 0.174581 0.349040 0.346633 0.174533 0.272043 0.174533 
状态变量对应时间： 0.000000 35.701013 71.402026 107.103039 142.804052 178.505064 214.206077 249.907090 285.608103 321.309116 357.010129 392.711142 428.412155 464.113168 499.814181 535.515193 571.216206 606.917219 642.618232 678.319245 714.020258 749.721271 785.422284 821.123297 856.824310 892.525322 928.226335 963.927348 999.628361 1035.329374 1071.030387 1106.731400 1142.432413 1178.133426 1213.834439 1249.535451 1285.236464 1320.937477 1356.638490 1392.339503 
高度： 6478000.000000 6468604.825255 6458430.096312 6447819.319350 6438103.455371 6433072.855301 6434559.617683 6437310.056798 6438654.668936 6438659.089063 6439200.181500 6439161.508289 6437780.218820 6436106.211064 6435229.171319 6435875.084560 6436618.410355 6434997.745271 6431172.706689 6428024.880684 6428047.589814 6428125.110097 6428547.618381 6428817.954614 6426044.087090 6422915.926839 6421801.447092 6421262.565661 6419480.014057 6418628.932735 6419992.735306 6419801.233812 6417936.020629 6417170.579071 6413227.779423 6410421.522840 6408779.963101 6407850.738868 6403997.831097 6398086.878220 
经度： 2.792533 2.830093 2.868588 2.908038 2.948329 2.988997 3.029857 3.071099 3.112765 3.154812 3.197020 3.239158 3.281229 3.323231 3.365006 3.406354 3.447240 3.487702 3.527664 3.566838 3.605006 3.642289 3.678561 3.713620 3.747493 3.780126 3.811244 3.840742 3.868487 3.894226 3.917993 3.940172 3.960687 3.979437 3.996253 4.011132 4.024215 4.035229 4.043876 4.049869 
纬度： 0.436333 0.457064 0.477189 0.496639 0.515327 0.533089 0.549093 0.562940 0.574993 0.585468 0.594759 0.603449 0.611609 0.619101 0.625909 0.632111 0.637876 0.643375 0.648700 0.653839 0.658201 0.660998 0.662490 0.664014 0.666096 0.668362 0.670138 0.670580 0.669436 0.667203 0.664858 0.663563 0.663562 0.662971 0.660653 0.657892 0.655758 0.653329 0.649897 0.645855 
速度： 7200.000000 7211.238000 7220.929234 7220.167807 7175.549039 7030.368191 6854.452110 6735.825220 6653.558501 6580.993566 6505.135578 6434.653310 6367.079961 6289.193800 6186.620295 6074.006136 5977.068970 5884.983787 5768.602326 5599.096825 5408.631479 5248.884044 5069.490759 4896.634301 4729.479909 4526.009262 4277.598491 4040.012676 3790.038474 3519.674230 3261.294886 3036.549423 2778.698565 2542.087162 2303.291593 2039.631468 1761.182924 1501.638292 1268.879387 997.947628 
航迹角： -0.034907 -0.038108 -0.040709 -0.040889 -0.032452 -0.005375 0.012554 0.008906 0.002032 0.000009 0.003230 -0.003922 -0.007443 -0.006590 -0.000627 0.005327 -0.000433 -0.014811 -0.019738 -0.008632 0.005616 -0.003912 0.008393 -0.009284 -0.020140 -0.015254 -0.000493 -0.009696 -0.012556 0.001551 0.015565 -0.023162 -0.003096 -0.029856 -0.046882 -0.031919 -0.012524 -0.036289 -0.118831 -0.169841 
航向角： 1.012293 1.031076 1.051273 1.072701 1.092899 1.117863 1.168966 1.218364 1.261182 1.299770 1.320534 1.331753 1.346664 1.364794 1.380556 1.393379 1.400697 1.404501 1.406170 1.411603 1.448994 1.503288 1.525260 1.502543 1.485003 1.484424 1.518981 1.588614 1.656211 1.699515 1.679433 1.600972 1.562940 1.679159 1.796294 1.786187 1.782781 1.930511 2.149384 2.418381 
热流密度： 26.440692 50.773746 102.812102 213.560186 409.140262 542.617968 452.192163 354.086184 310.490765 299.857184 278.520346 269.843077 287.088752 309.947205 312.640355 282.214283 254.870483 271.388651 331.714312 375.136805 335.864079 303.968644 264.611189 232.839165 252.681113 272.930335 246.711156 213.867634 197.754020 166.095073 118.912901 96.223406 82.740084 65.898851 63.379650 52.437306 36.980656 23.860883 18.306771 12.911124 
动压： 32.757080 119.984575 489.133564 2111.429083 7958.965495 15285.227605 11837.296444 7823.962354 6342.413206 6201.045012 5623.423712 5531.637048 6552.066831 8052.047268 8792.845785 7753.606880 6776.864570 8214.251041 13372.546206 19442.912279 18085.919996 16852.286526 14830.610756 13330.343884 18227.926979 25693.099757 26761.273231 25711.870554 28931.593381 28057.059836 19960.431147 17767.044976 19239.908700 17894.768161 25298.139430 29207.722552 27307.333048 22564.792833 27403.453667 38287.239440 
过载： 0.002374 0.008672 0.035243 0.146852 0.533134 1.000138 0.759079 0.482061 0.373396 0.392744 0.393120 0.359822 0.369280 0.478950 0.600247 0.555283 0.485483 0.541635 0.754569 0.957810 0.797438 0.806862 0.927073 0.865742 0.913145 1.065153 1.109486 1.066229 1.199655 1.261636 1.183262 1.268315 1.368761 1.226030 1.356543 1.233292 1.360262 1.286299 1.341331 1.583849 

控制变量对应时间： 0.000000 72.236851 144.473701 216.710552 288.947402 361.184253 433.421104 505.657954 577.894805 650.131655 722.368506 794.605357 866.842207 939.079058 1011.315908 1083.552759 1155.789610 1228.026460 1300.263311 1372.500161 
倾侧角： 1.120071 0.154179 -0.267019 -1.079288 -0.974649 -0.978659 -0.337639 -0.677272 0.408160 1.396267 0.310414 1.295863 0.310278 1.396263 0.337705 -0.087288 -1.065404 -0.495731 -0.913181 -0.738344 
攻角： 0.262426 0.349067 0.349067 0.174533 0.174542 0.349065 0.174533 0.340705 0.349066 0.349065 0.313982 0.214826 0.239955 0.348935 0.174536 0.174650 0.349028 0.174533 0.174533 0.174535 
状态变量对应时间： 0.000000 35.192312 70.384624 105.576935 140.769247 175.961559 211.153871 246.346183 281.538495 316.730806 351.923118 387.115430 422.307742 457.500054 492.692366 527.884677 563.076989 598.269301 633.461613 668.653925 703.846237 739.038548 774.230860 809.423172 844.615484 879.807796 915.000108 950.192419 985.384731 1020.577043 1055.769355 1090.961667 1126.153979 1161.346290 1196.538602 1231.730914 1266.923226 1302.115538 1337.307850 1372.500161 
高度： 6478000.000000 6468746.499438 6458737.555415 6448297.021305 6438682.032355 6433133.492331 6432680.753155 6434130.850222 6435712.590619 6436869.311488 6437562.357586 6437945.721368 6437948.667256 6437172.070764 6435953.041292 6435251.650489 6435983.158989 6437514.204652 6437853.001268 6435148.921954 6430355.992424 6428333.160367 6429314.629390 6428380.916117 6425041.488207 6424089.588598 6426157.212289 6425985.133038 6422040.999523 6418614.820289 6418196.966862 6419403.681310 6420048.173130 6418800.088941 6415010.981683 6411134.376372 6408394.873680 6405678.532986 6401876.411761 6398035.938559 
经度： 2.792533 2.829551 2.867476 2.906326 2.945994 2.985978 3.025619 3.064866 3.103993 3.143200 3.182510 3.221878 3.261448 3.301393 3.341629 3.381878 3.422063 3.462361 3.502906 3.543682 3.584409 3.624403 3.663258 3.701059 3.737588 3.772213 3.804614 3.834831 3.862768 3.888201 3.911096 3.931883 3.951229 3.969649 3.987241 4.003592 4.018195 4.030793 4.041083 4.048656 
纬度： 0.436333 0.456774 0.476629 0.495838 0.514319 0.532061 0.549288 0.566090 0.582376 0.598082 0.613242 0.627899 0.641926 0.655148 0.667570 0.679329 0.690275 0.700023 0.708351 0.715112 0.720106 0.723338 0.724840 0.724537 0.722486 0.718928 0.714002 0.707449 0.699354 0.690282 0.681037 0.672068 0.663690 0.656476 0.650959 0.647037 0.644498 0.643540 0.644226 0.646185 
速度： 7200.000000 7211.191366 7220.968593 7220.753619 7178.382696 7046.848236 6885.345342 6756.745138 6656.249819 6571.722336 6486.215499 6402.271764 6335.641750 6274.185145 6193.518451 6087.682519 5980.739530 5891.575324 5818.541140 5741.268426 5615.187403 5415.745770 5240.530571 5100.561170 4917.920384 4668.305237 4443.244285 4258.922754 4059.603516 3794.934607 3501.913459 3265.509609 3064.929335 2856.481968 2620.832721 2337.259311 2011.531143 1678.788664 1337.732076 997.416684 
航迹角： -0.034907 -0.038048 -0.040612 -0.040870 -0.032740 -0.010782 0.004360 0.006882 0.006088 0.003875 0.002259 0.001086 -0.001449 -0.005255 -0.005166 -0.000455 0.006788 0.006196 -0.004432 -0.021661 -0.022195 0.001427 0.004305 -0.015310 -0.017823 0.007302 0.012378 -0.017223 -0.031330 -0.015618 0.007313 0.009784 0.000155 -0.026957 -0.046894 -0.040249 -0.033861 -0.055525 -0.085741 -0.104006 
航向角： 1.012293 1.030750 1.050503 1.071318 1.091211 1.101401 1.101719 1.106171 1.115666 1.127199 1.136794 1.147436 1.165829 1.188309 1.206413 1.220606 1.247113 1.285661 1.330415 1.381338 1.437986 1.489119 1.550671 1.613109 1.678312 1.734840 1.808458 1.892809 1.973837 2.032716 2.067566 2.081160 2.060823 1.991415 1.902229 1.826498 1.732851 1.582579 1.375990 1.120349 
热流密度： 26.440692 50.279334 100.657999 206.695905 393.634700 544.354915 522.055142 445.160622 380.775819 337.722960 308.957292 288.803558 279.384530 285.834048 298.470499 296.699989 266.793260 228.979203 215.075040 248.452590 322.356580 330.684338 278.639767 272.870851 306.220221 277.503014 205.958614 182.376799 205.807612 210.760853 168.409417 124.345018 97.412628 85.039326 84.189244 76.672718 57.720091 39.379070 25.026637 12.934833 
动压： 32.757080 117.662514 468.840795 1977.188841 7354.643222 15229.141406 15475.382698 12202.570909 9522.273626 7913.887304 7006.857160 6475.267259 6338.614634 6918.639010 7975.558822 8487.518843 7406.157732 5819.506820 5417.122126 7656.716469 14180.647202 17433.555445 14258.106539 15361.949482 22630.626688 23250.908498 15839.387001 14901.825312 23320.216200 32680.650454 29478.729004 21704.855449 17494.912993 18049.014842 25616.128314 34764.127112 37564.552162 38048.475532 40804.396305 38516.023263 
过载： 0.001856 0.007535 0.033588 0.142013 0.526695 0.879064 0.673513 0.505875 0.395022 0.414790 0.472831 0.389916 0.290125 0.349089 0.515060 0.598556 0.528084 0.417043 0.388271 0.535541 0.945876 1.062169 0.749436 0.748760 1.148136 1.287323 1.026383 0.991445 1.202459 1.354669 1.222602 0.961407 1.023670 1.244223 1.378406 1.440908 1.556455 1.576002 1.689070 1.593299 

控制变量对应时间： 0.000000 70.899514 141.799029 212.698543 283.598058 354.497572 425.397087 496.296601 567.196116 638.095630 708.995145 779.894659 850.794174 921.693688 992.593203 1063.492717 1134.392232 1205.291746 1276.191261 1347.090775 
倾侧角： 1.396267 0.227527 1.396267 0.320893 1.193858 0.238686 -0.347077 -1.274421 -0.116453 -0.309660 -1.393035 -0.225915 -0.568133 -0.024187 -1.142032 -0.706618 -1.000048 -0.833310 -1.030515 -0.725362 
攻角： 0.174533 0.348347 0.349067 0.349067 0.349022 0.174849 0.179518 0.246781 0.174540 0.174533 0.307762 0.349067 0.349067 0.174670 0.348441 0.174533 0.174566 0.174535 0.174533 0.174533 
状态变量对应时间： 0.000000 34.540789 69.081578 103.622367 138.163156 172.703946 207.244735 241.785524 276.326313 310.867102 345.407891 379.948680 414.489469 449.030258 483.571048 518.111837 552.652626 587.193415 621.734204 656.274993 690.815782 725.356571 759.897360 794.438150 828.978939 863.519728 898.060517 932.601306 967.142095 1001.682884 1036.223673 1070.764462 1105.305252 1139.846041 1174.386830 1208.927619 1243.468408 1278.009197 1312.549986 1347.090775 
高度： 6478000.000000 6468920.923753 6459097.774919 6448807.031718 6438648.599205 6429711.950491 6429642.707410 6439112.971152 6449518.563650 6457605.058811 6462939.830251 6465431.971152 6465048.692052 6461789.568515 6455676.498101 6446758.747188 6435602.146902 6425369.218683 6423712.844398 6429946.385279 6436742.300324 6439937.437723 6438922.760690 6435026.404820 6430333.247312 6427561.390341 6427724.821603 6428447.777608 6427975.339541 6425972.821281 6422196.621804 6418629.711866 6416481.090270 6414884.476558 6412768.533192 6410765.833376 6408817.105487 6405602.364909 6401321.051234 6397914.994576 
经度： 2.792533 2.828857 2.866056 2.904155 2.943153 2.982927 3.022660 3.061769 3.100853 3.140208 3.179890 3.219912 3.260277 3.300980 3.342008 3.383325 3.424816 3.465989 3.505444 3.542816 3.579101 3.614901 3.650404 3.685589 3.720228 3.753879 3.786281 3.817638 3.848117 3.877618 3.905879 3.932551 3.957169 3.979362 3.998893 4.015525 4.029153 4.039665 4.046682 4.050231 
纬度： 0.436333 0.456401 0.475906 0.494778 0.512781 0.529071 0.542300 0.553164 0.562703 0.571268 0.578973 0.585838 0.591859 0.597027 0.601336 0.604801 0.607475 0.609381 0.610698 0.611673 0.612398 0.612855 0.612947 0.612576 0.611796 0.611009 0.610339 0.609393 0.608177 0.607314 0.607375 0.608386 0.610315 0.613370 0.617592 0.622782 0.628646 0.634954 0.641346 0.647093 
速度： 7200.000000 7211.080226 7220.924668 7221.616449 7182.927214 7006.683498 6650.297674 6475.510431 6422.210693 6400.515305 6389.411653 6384.066371 6383.240769 6386.300790 6391.785117 6394.287716 6369.006673 6209.424511 5836.570228 5595.919502 5491.050207 5435.850453 5392.861172 5333.413922 5221.366781 5035.272769 4855.209954 4723.028182 4590.685868 4420.987657 4207.987790 3933.761271 3598.661558 3246.190804 2881.880806 2505.193478 2142.933114 1783.861122 1391.212144 1011.717118 
航迹角： -0.034907 -0.038031 -0.040633 -0.041487 -0.040036 -0.027365 0.026847 0.049114 0.042390 0.030450 0.017778 0.004789 -0.008268 -0.021271 -0.034104 -0.046374 -0.052872 -0.035131 0.017560 0.039053 0.028459 0.004916 -0.014746 -0.025576 -0.023382 -0.006848 0.006175 0.000765 -0.006681 -0.020153 -0.027985 -0.021397 -0.012681 -0.016483 -0.022247 -0.020588 -0.031950 -0.065798 -0.085382 -0.082468 
航向角： 1.012293 1.030388 1.049782 1.071463 1.102766 1.162057 1.235128 1.275106 1.305164 1.331012 1.355780 1.380688 1.405957 1.431517 1.457001 1.481317 1.503416 1.524852 1.534630 1.543053 1.550171 1.560787 1.575005 1.592402 1.601989 1.595706 1.599379 1.616170 1.618242 1.589252 1.546197 1.502802 1.443239 1.360015 1.259550 1.145244 1.011417 0.834434 0.591358 0.311871 
热流密度： 26.440692 49.676074 98.187737 199.631380 395.330168 676.833895 576.952217 276.199616 131.352367 74.430260 51.248896 43.046758 44.181097 55.392368 84.646956 156.707062 333.908858 624.056222 575.559534 328.016210 193.458388 150.356844 157.265792 198.656535 256.767597 277.245499 244.430381 213.183627 201.379547 205.319253 227.989190 235.773969 206.543301 166.643284 132.518691 97.857927 68.431470 47.928655 29.420687 13.641305 
动压： 32.757080 114.863591 446.123058 1843.397055 7397.975423 24129.577602 21945.844575 5639.715323 1321.665388 430.590155 205.672655 145.630175 153.491735 240.778023 560.191668 1916.726124 8851.906675 34483.861664 38281.733884 14901.590089 5622.715631 3547.197917 4015.457859 6720.045833 12299.788359 16761.750447 15237.200284 13051.146233 13159.712968 16084.798344 24524.352993 35043.427567 39437.118688 39990.470770 42192.638718 42020.752223 40222.028139 43413.747686 47643.475986 40294.613373 
过载： 0.001376 0.006425 0.031717 0.132290 0.529740 1.723444 1.567894 0.404149 0.095017 0.025751 0.009346 0.006145 0.006530 0.011123 0.028876 0.095262 0.387849 1.426919 1.584165 0.698674 0.326050 0.233661 0.279292 0.481428 0.879960 1.101719 0.775222 0.596976 0.790579 1.081864 1.282062 1.452225 1.634170 1.657266 1.748285 1.741028 1.666442 1.797894 1.971653 1.666763 

控制变量对应时间： 0.000000 74.630062 149.260123 223.890185 298.520247 373.150308 447.780370 522.410431 597.040493 671.670555 746.300616 820.930678 895.560740 970.190801 1044.820863 1119.450924 1194.080986 1268.711048 1343.341109 1417.971171 
倾侧角： 0.935581 0.051936 -0.033868 1.096953 1.395285 0.397094 -0.738924 -0.359024 0.266348 -0.725006 0.400062 -0.323783 -1.142332 -0.259305 -1.318004 -0.212307 -1.074018 -0.351838 0.270881 1.359283 
攻角： 0.324362 0.174533 0.213852 0.174533 0.349054 0.337148 0.279002 0.322075 0.349067 0.294771 0.174533 0.174533 0.175347 0.174534 0.322261 0.174533 0.349067 0.208474 0.210762 0.174533 
状态变量对应时间： 0.000000 36.358235 72.716470 109.074705 145.432941 181.791176 218.149411 254.507646 290.865881 327.224116 363.582352 399.940587 436.298822 472.657057 509.015292 545.373527 581.731762 618.089998 654.448233 690.806468 727.164703 763.522938 799.881173 836.239409 872.597644 908.955879 945.314114 981.672349 1018.030584 1054.388819 1090.747055 1127.105290 1163.463525 1199.821760 1236.179995 1272.538230 1308.896466 1345.254701 1381.612936 1417.971171 
高度： 6478000.000000 6468428.737238 6458040.262281 6447041.676697 6436446.345354 6429976.954243 6430311.805969 6433537.489944 6436485.584436 6437957.746384 6438671.404905 6439456.451223 6439980.231923 6439238.309366 6437234.348104 6435193.012443 6434550.828371 6435500.713423 6436726.824447 6436389.075762 6433957.940982 6429856.879463 6425806.338294 6424568.193146 6425205.906538 6424090.621543 6421075.161767 6420291.302044 6422161.171478 6421941.081507 6418142.543900 6415502.912618 6415892.726389 6416452.338108 6414127.281030 6410654.901331 6408206.272573 6407019.284158 6404581.251907 6398033.519970 
经度： 2.792533 2.830792 2.870022 2.910246 2.951384 2.993003 3.034657 3.076364 3.118251 3.160323 3.202502 3.244679 3.286786 3.328795 3.370641 3.412160 3.453144 3.493468 3.533166 3.572343 3.611040 3.649137 3.686235 3.721797 3.755705 3.788193 3.819194 3.848282 3.875392 3.900834 3.924601 3.946419 3.966056 3.983420 3.998593 4.011796 4.023151 4.032932 4.041610 4.049301 
纬度： 0.436333 0.457441 0.477926 0.497726 0.516734 0.534631 0.550578 0.564201 0.575689 0.585236 0.593110 0.599645 0.605177 0.609951 0.614040 0.617432 0.620004 0.621536 0.622180 0.622269 0.621780 0.620430 0.618181 0.615505 0.612996 0.611012 0.609727 0.608957 0.608706 0.609542 0.611652 0.614476 0.617604 0.621605 0.626608 0.632037 0.637228 0.641620 0.644834 0.646351 
速度： 7200.000000 7211.570306 7222.313238 7225.050665 7185.716744 7025.976619 6798.889991 6629.726395 6505.583130 6406.709722 6324.090602 6252.911622 6193.921719 6139.779011 6073.692561 5982.169087 5868.469311 5757.882014 5671.571340 5601.593803 5531.240578 5434.880710 5264.773161 5029.222500 4809.728744 4612.074266 4365.527329 4065.928116 3800.680577 3578.888454 3336.252094 3040.223771 2729.806479 2463.544536 2233.262944 1991.738873 1717.579829 1459.975168 1242.817811 1004.784503 
航迹角： -0.034907 -0.038135 -0.040961 -0.042288 -0.036313 -0.011569 0.010741 0.014035 0.009588 0.003706 0.003048 0.003549 0.000225 -0.006817 -0.010349 -0.007121 0.001306 0.006639 0.003616 -0.007282 -0.016417 -0.023490 -0.015545 0.001346 0.002202 -0.015866 -0.016412 0.006775 0.013292 -0.020061 -0.033023 -0.010674 0.013786 -0.009425 -0.041069 -0.045766 -0.025549 -0.022837 -0.090231 -0.254522 
航向角： 1.012293 1.031364 1.051711 1.073261 1.095838 1.126010 1.176732 1.230085 1.281469 1.329201 1.369303 1.400560 1.423678 1.442611 1.461407 1.481353 1.507930 1.539618 1.560540 1.575715 1.598601 1.630877 1.657265 1.664993 1.654811 1.633760 1.609500 1.597549 1.560265 1.496287 1.431796 1.400965 1.344339 1.236995 1.136178 1.069753 1.047301 1.086103 1.212643 1.506862 
热流密度： 26.440692 51.401196 105.675816 225.799464 460.694307 670.364911 590.665420 436.833716 335.899305 289.194849 264.284469 241.594764 226.173426 231.547041 256.933369 281.938157 277.411982 244.718080 214.438109 211.070688 239.833776 301.042636 360.058670 339.482454 282.280153 267.090526 276.544365 233.327579 165.845676 139.327121 145.110495 129.897249 90.072920 62.725326 54.048773 47.879397 35.550980 23.125040 16.472413 13.240414 
动压： 32.757080 122.944015 516.335891 2353.527231 10029.829724 23392.304510 20916.494605 12749.421194 8176.674109 6473.507786 5716.639413 5015.456380 4578.464628 4983.230349 6428.109001 8262.370057 8687.261617 7336.543718 6011.302607 6143.348967 8374.772224 14230.764015 23340.129576 25262.148420 21160.769075 22690.924030 30807.825201 29773.831683 20104.518748 18375.683370 26957.140433 32210.340360 24609.951624 18555.186502 21009.685387 26970.394615 28109.274194 23920.416121 24257.811152 39100.187065 
过载： 0.002223 0.006708 0.021858 0.104603 0.475351 1.049500 0.875787 0.677174 0.558295 0.458231 0.398606 0.329154 0.277178 0.306438 0.419382 0.562995 0.613028 0.504616 0.384594 0.345803 0.388654 0.590391 0.967350 1.047642 0.879320 0.943234 1.278066 1.339976 1.147283 1.159398 1.363416 1.424963 1.438513 1.287646 1.199851 1.262625 1.320477 1.124163 1.071346 1.617434 

控制变量对应时间： 0.000000 77.974792 155.949583 233.924375 311.899167 389.873959 467.848750 545.823542 623.798334 701.773125 779.747917 857.722709 935.697501 1013.672292 1091.647084 1169.621876 1247.596667 1325.571459 1403.546251 1481.521043 
倾侧角： 0.153361 0.129072 -0.631041 1.385358 0.336677 -0.838987 1.039349 0.787512 0.247022 1.284112 1.394647 -1.274993 0.843760 0.056035 0.934864 -0.180206 0.266708 -0.577520 -1.181502 -0.864810 
攻角： 0.189032 0.216820 0.215015 0.290012 0.270591 0.203946 0.231101 0.207781 0.207595 0.299823 0.221172 0.236140 0.222648 0.296254 0.343021 0.291546 0.300180 0.323484 0.290944 0.253573 
状态变量对应时间： 0.000000 37.987719 75.975438 113.963157 151.950876 189.938595 227.926314 265.914033 303.901752 341.889471 379.877190 417.864909 455.852628 493.840348 531.828067 569.815786 607.803505 645.791224 683.778943 721.766662 759.754381 797.742100 835.729819 873.717538 911.705257 949.692976 987.680695 1025.668414 1063.656133 1101.643852 1139.631571 1177.619290 1215.607009 1253.594728 1291.582447 1329.570166 1367.557885 1405.545604 1443.533323 1481.521043 
高度： 6478000.000000 6467978.951865 6457070.589173 6445593.624472 6434911.902311 6429787.983277 6433855.480056 6439899.186108 6444957.006728 6448483.920803 6449827.681299 6448587.087266 6444909.018706 6438998.667631 6431747.430171 6426603.524375 6428125.609223 6434086.797358 6438939.678085 6439570.510409 6435006.198445 6425399.072625 6422000.958698 6425822.363018 6428441.461435 6428773.655956 6425766.914499 6423556.453650 6424425.100346 6424727.798118 6422762.148198 6421044.083137 6420362.147474 6419957.922309 6418973.144694 6417215.038080 6413928.750809 6408439.002431 6402143.363129 6398834.022156 
经度： 2.792533 2.832529 2.873584 2.915721 2.958766 3.001909 3.044834 3.088076 3.131808 3.176071 3.220886 3.266259 3.312173 3.358553 3.405118 3.451069 3.495307 3.537886 3.579502 3.620454 3.660750 3.700006 3.736575 3.770502 3.802886 3.833964 3.863679 3.891702 3.917688 3.941555 3.963404 3.983550 4.002251 4.019419 4.035121 4.049760 4.063652 4.076719 4.087871 4.095330 
纬度： 0.436333 0.458375 0.479737 0.500344 0.520135 0.539056 0.556049 0.570664 0.583666 0.595458 0.606181 0.615865 0.624440 0.631704 0.637339 0.640803 0.641875 0.641271 0.639352 0.636130 0.631616 0.625595 0.618130 0.611357 0.605475 0.599103 0.591821 0.583969 0.575707 0.566619 0.556739 0.546805 0.537375 0.528258 0.519408 0.511366 0.504809 0.500593 0.499981 0.502524 
速度： 7200.000000 7212.219918 7223.176007 7222.851858 7166.860930 6962.090309 6736.359174 6625.302930 6572.643640 6543.954598 6526.548512 6513.745268 6498.034664 6465.053609 6373.512797 6149.143308 5867.009273 5708.358763 5630.376506 5580.370113 5528.738891 5393.625502 4979.634894 4696.169292 4526.940224 4407.602500 4266.281945 4049.735439 3822.662951 3636.365854 3452.958538 3248.499887 3036.733063 2837.705347 2644.932379 2443.006372 2213.042480 1900.054835 1436.290159 982.766966 
航迹角： -0.034907 -0.038282 -0.041147 -0.041815 -0.034106 -0.000579 0.024747 0.022240 0.017678 0.010178 0.000333 -0.010201 -0.019449 -0.028113 -0.029190 -0.010410 0.021416 0.028464 0.014300 -0.009169 -0.034135 -0.051141 0.017352 0.016811 0.012229 -0.010146 -0.021994 -0.003330 0.010071 -0.008362 -0.016922 -0.009639 -0.002742 -0.006069 -0.012810 -0.025206 -0.051029 -0.092187 -0.095496 -0.059283 
航向角： 1.012293 1.032162 1.053461 1.075821 1.094137 1.111237 1.165402 1.212442 1.246011 1.274749 1.302110 1.329931 1.361313 1.399108 1.446464 1.509583 1.568183 1.608118 1.648440 1.688500 1.730677 1.790741 1.829666 1.790161 1.795650 1.836830 1.879563 1.911090 1.961998 2.031917 2.085977 2.099559 2.109669 2.139131 2.149084 2.108831 2.009462 1.804612 1.420789 0.964018 
热流密度： 26.440692 53.034711 113.022516 249.259741 507.866959 659.890206 449.392529 281.173036 193.489470 149.657741 135.279432 146.447202 187.273316 276.970613 436.497344 555.815433 431.634055 262.526188 179.924451 167.495270 222.798978 399.615940 392.743252 250.922986 186.609271 167.664848 186.150208 183.979217 144.486038 120.896834 117.612679 109.239693 92.591946 76.902300 65.944158 57.964171 53.245848 48.085053 30.737018 11.685009 
动压： 32.757080 130.831751 590.320640 2871.746544 12327.487972 23575.023352 12598.314815 5297.267804 2596.100934 1582.611977 1308.017216 1545.891882 2554.338043 5710.793997 15080.765090 28526.443574 21053.705569 8762.663195 4366.753372 3932.271062 7241.416364 25911.197660 35282.348013 18529.856831 12000.386538 10866.830756 15410.021523 18831.815747 14885.629488 12919.585340 15274.770552 17132.231355 16447.020511 15184.781357 15109.818948 16426.035280 21203.367338 33313.102856 45338.937248 33497.316607 
过载： 0.001451 0.006062 0.028572 0.138445 0.590593 1.256553 0.752567 0.315002 0.150294 0.084141 0.062445 0.074080 0.127873 0.281955 0.714779 1.330614 0.982577 0.447425 0.257149 0.232395 0.379384 1.281187 1.786379 0.944133 0.598900 0.558926 0.886621 1.188680 1.001491 0.893616 0.986158 1.047703 1.018094 0.954483 0.980487 1.090771 1.346219 2.017533 2.597640 1.813666 

控制变量对应时间： 0.000000 79.706316 159.412631 239.118947 318.825262 398.531578 478.237893 557.944209 637.650525 717.356840 797.063156 876.769471 956.475787 1036.182102 1115.888418 1195.594733 1275.301049 1355.007365 1434.713680 1514.419996 
倾侧角： -1.121760 -0.982930 -0.318865 -1.269027 0.570361 -0.726577 -0.957278 1.191388 0.054671 0.637603 0.667091 -0.215574 0.112112 -1.018639 -0.061319 0.241397 -0.614337 -0.022968 0.905206 0.569509 
攻角： 0.244225 0.273468 0.220357 0.192654 0.346963 0.201379 0.222584 0.251155 0.218876 0.267092 0.187072 0.225582 0.294683 0.319616 0.278059 0.333551 0.290683 0.229098 0.330983 0.191674 
状态变量对应时间： 0.000000 38.831282 77.662564 116.493846 155.325128 194.156410 232.987692 271.818974 310.650256 349.481537 388.312819 427.144101 465.975383 504.806665 543.637947 582.469229 621.300511 660.131793 698.963075 737.794357 776.625639 815.456921 854.288203 893.119485 931.950767 970.782049 1009.613330 1048.444612 1087.275894 1126.107176 1164.938458 1203.769740 1242.601022 1281.432304 1320.263586 1359.094868 1397.926150 1436.757432 1475.588714 1514.419996 
高度： 6478000.000000 6467740.169407 6456525.884907 6444645.541966 6433796.656879 6429246.823087 6431580.751835 6435567.140572 6440859.671053 6445938.202545 6448830.347289 6448602.669135 6445027.875546 6438477.155869 6431427.440857 6426088.225541 6426945.172722 6433388.393718 6438719.586016 6439796.397638 6435882.910339 6427784.699516 6421765.713993 6424901.864594 6431215.600988 6434125.673544 6431678.790679 6424285.154698 6418464.927779 6421734.975401 6426673.472424 6426895.968921 6422039.805307 6416020.188190 6414099.354428 6415192.285227 6414812.689139 6411705.196242 6406609.136229 6402304.056909 
经度： 2.792533 2.833427 2.875419 2.918499 2.962418 3.006255 3.048999 3.090932 3.132878 3.175436 3.218784 3.262979 3.308033 3.353851 3.400167 3.446434 3.491407 3.534822 3.577497 3.619831 3.661867 3.703364 3.743218 3.780211 3.815067 3.848766 3.881657 3.913715 3.944075 3.971676 3.997286 4.021803 4.045386 4.067678 4.087867 4.105814 4.122049 4.136558 4.148567 4.157409 
纬度： 0.436333 0.458859 0.480687 0.501777 0.522102 0.541606 0.560604 0.579224 0.597011 0.613563 0.628996 0.643407 0.656798 0.669187 0.680338 0.689026 0.694399 0.697764 0.699872 0.700745 0.700398 0.698751 0.695692 0.691970 0.687998 0.683465 0.678446 0.673504 0.669842 0.667310 0.664705 0.661706 0.658375 0.655408 0.653696 0.652668 0.651492 0.649459 0.645978 0.641515 
速度： 7200.000000 7212.409795 7223.071534 7219.571325 7147.929955 6924.083886 6692.708693 6545.630455 6453.100589 6402.986443 6378.105599 6363.276912 6348.630816 6316.533231 6214.573609 5973.659964 5646.944201 5471.776038 5393.955006 5348.907432 5307.443832 5214.457699 4927.504194 4593.559759 4430.698978 4348.167842 4279.661941 4146.316725 3797.503031 3453.953136 3288.176626 3187.169842 3069.323674 2835.512563 2497.676304 2240.389716 2042.295878 1825.133990 1546.209608 1228.380970 
航迹角： -0.034907 -0.038406 -0.041509 -0.042435 -0.032002 -0.000991 0.014112 0.018012 0.022532 0.016899 0.005765 -0.007741 -0.021093 -0.030546 -0.025613 -0.016006 0.022317 0.031750 0.016521 -0.006803 -0.030564 -0.044499 -0.009811 0.035435 0.030595 0.001836 -0.030756 -0.054981 -0.010770 0.043876 0.024118 -0.021173 -0.053657 -0.044318 0.004540 0.009997 -0.020945 -0.063070 -0.085245 -0.078674 
航向角： 1.012293 1.032453 1.053529 1.074007 1.090879 1.094666 1.085508 1.088690 1.113222 1.144147 1.171812 1.199504 1.227168 1.253761 1.294833 1.376390 1.450572 1.487906 1.525034 1.562701 1.601023 1.645990 1.692511 1.707233 1.729508 1.755778 1.770605 1.752856 1.695742 1.688965 1.711436 1.738520 1.751763 1.711479 1.650103 1.643912 1.691070 1.821364 2.028473 2.240989 
热流密度： 26.440692 53.919254 117.341119 265.711480 543.894995 673.258802 515.019357 364.835521 242.211771 166.536845 134.775620 135.907155 172.622310 266.839707 412.109265 525.710872 415.097639 241.086109 159.585525 144.307014 184.410992 304.800999 386.147668 249.386038 144.044076 111.087015 125.078493 188.451174 213.403906 126.355825 76.998000 68.728522 85.301810 100.635901 77.037133 50.730011 38.902922 33.822509 28.501445 18.575387 
动压： 32.757080 135.217010 636.334521 3269.722070 14300.267407 25124.381120 17015.632993 9394.899219 4402.257998 2152.111811 1433.301707 1472.130714 2398.605408 5857.757738 14984.604407 28903.407604 22950.479525 8865.064534 4131.186384 3502.065793 5913.650160 17431.016068 35686.174317 20127.565580 7842.407797 5057.067830 6864.262043 17854.115183 33408.120679 17608.368213 8078.692226 7360.730113 13332.825824 26090.318000 26380.561331 18256.933665 15986.135327 19594.468279 28390.239483 32436.410782 
过载： 0.001752 0.007543 0.036961 0.175732 0.703708 1.173944 0.758914 0.515191 0.300989 0.131663 0.070206 0.069423 0.117068 0.297810 0.795483 1.508728 1.138298 0.450999 0.227057 0.186909 0.276824 0.781420 1.705415 1.046968 0.454238 0.316269 0.444011 1.158561 2.043536 1.054220 0.523547 0.499820 0.853506 1.563774 1.443387 0.932819 0.952975 1.319601 1.568828 1.428976 

控制变量对应时间： 0.000000 74.983978 149.967956 224.951933 299.935911 374.919889 449.903867 524.887844 599.871822 674.855800 749.839778 824.823756 899.807733 974.791711 1049.775689 1124.759667 1199.743645 1274.727622 1349.711600 1424.695578 
倾侧角： -1.300645 0.687118 -1.016338 -0.943472 1.269198 -0.624393 -1.017191 0.872054 1.330644 -0.966227 0.467666 -0.039075 -0.674079 -0.488291 0.874014 -0.938444 0.612036 -0.155491 0.364972 0.222648 
攻角： 0.242638 0.194758 0.301762 0.328725 0.203083 0.248529 0.291295 0.266937 0.239708 0.248891 0.278411 0.284813 0.247837 0.212101 0.203057 0.182720 0.272552 0.199014 0.180510 0.292057 
状态变量对应时间： 0.000000 36.530656 73.061312 109.591968 146.122623 182.653279 219.183935 255.714591 292.245247 328.775903 365.306558 401.837214 438.367870 474.898526 511.429182 547.959838 584.490493 621.021149 657.551805 694.082461 730.613117 767.143773 803.674429 840.205084 876.735740 913.266396 949.797052 986.327708 1022.858364 1059.389019 1095.919675 1132.450331 1168.980987 1205.511643 1242.042299 1278.572954 1315.103610 1351.634266 1388.164922 1424.695578 
高度： 6478000.000000 6468377.144669 6457926.429185 6446874.681839 6436465.017761 6429435.113328 6429680.967105 6436422.945697 6444891.037693 6450929.018482 6453895.731530 6453705.755829 6450296.360318 6443830.366025 6435586.688884 6427999.385368 6423274.595472 6421249.990725 6427631.657237 6435927.613699 6439300.791700 6437229.451347 6430400.077467 6423162.904422 6422208.977982 6424886.093044 6425623.951965 6423037.505638 6419268.350731 6416396.348822 6415711.479003 6415784.339646 6414066.421886 6413540.067355 6412769.896146 6410350.195906 6406571.171922 6403086.419089 6400617.763368 6399218.592360 
经度： 2.792533 2.830974 2.870392 2.910821 2.952107 2.993253 3.032590 3.070277 3.108051 3.146602 3.186014 3.226311 3.267515 3.309596 3.352447 3.395786 3.438732 3.479777 3.517852 3.554272 3.590123 3.625616 3.660667 3.694735 3.726820 3.756920 3.785702 3.813438 3.839875 3.864314 3.886156 3.905973 3.924204 3.940529 3.954859 3.967605 3.978887 3.988328 3.995589 4.000809 
纬度： 0.436333 0.457543 0.478129 0.498011 0.517150 0.535945 0.554994 0.573994 0.592084 0.609149 0.625303 0.640588 0.655004 0.668549 0.681124 0.692033 0.699786 0.703112 0.703365 0.703088 0.702378 0.700926 0.698648 0.695685 0.692692 0.690238 0.688171 0.686261 0.684268 0.681341 0.677370 0.673831 0.671313 0.668871 0.665800 0.662644 0.659808 0.657107 0.654351 0.651727 
速度： 7200.000000 7211.713457 7222.502081 7224.086532 7175.087889 6971.014835 6643.102781 6451.473234 6387.294628 6361.562153 6347.949016 6340.382262 6334.994071 6323.128705 6275.859225 6117.797917 5773.017360 5312.216135 4964.045927 4850.376619 4802.165183 4768.168230 4708.256111 4524.043965 4218.685732 3999.587801 3854.111593 3712.843467 3507.347529 3226.090063 2913.474731 2665.579453 2418.658154 2160.298118 1943.758861 1750.100977 1527.156923 1261.442615 984.254685 746.891097 
航迹角： -0.034907 -0.038176 -0.041028 -0.042043 -0.035560 -0.015861 0.016627 0.036746 0.032346 0.019367 0.006093 -0.007789 -0.021603 -0.033493 -0.036223 -0.029127 -0.014963 0.003971 0.053811 0.033653 0.003993 -0.027331 -0.048020 -0.030423 0.013896 0.015405 -0.006659 -0.028345 -0.025564 -0.020505 0.007204 -0.013064 -0.015373 -0.002655 -0.020351 -0.052177 -0.069357 -0.068771 -0.049386 -0.048652 
航向角： 1.012293 1.031272 1.051724 1.073779 1.089386 1.074699 1.037589 1.036656 1.064346 1.091903 1.118043 1.144103 1.170473 1.196410 1.228697 1.290243 1.397143 1.531002 1.577429 1.585826 1.609283 1.640018 1.670844 1.693663 1.685853 1.667356 1.661126 1.659191 1.685089 1.770560 1.813784 1.767680 1.734709 1.799607 1.865953 1.877375 1.888748 1.961105 2.079547 2.193258 
热流密度： 26.440692 51.587530 106.516976 228.317459 457.961401 678.870472 573.474001 328.592786 177.622982 115.674403 93.648719 94.527215 119.247635 185.112826 319.106278 496.770578 573.100650 507.030936 263.797963 138.437050 106.319916 119.921817 184.513757 267.956740 229.624331 161.406757 136.504930 145.038996 157.187143 147.242951 111.969504 84.191248 69.776096 50.689838 38.324845 32.533919 27.481566 19.136049 10.382558 4.793565 
动压： 32.757080 123.826430 524.529511 2407.691704 9974.472861 24813.628749 21783.194052 8110.956107 2474.142452 1067.676222 706.267472 723.280238 1155.260983 2806.432498 8613.214011 23293.886569 39784.944903 44532.032815 16133.858563 4908.620543 3022.310026 3964.367605 9909.424630 24811.517722 24607.258481 15292.101870 12826.599010 17002.793799 25510.235586 32066.340599 28742.224530 23818.759890 24850.337742 21316.810053 19190.568191 21716.541707 27840.208224 30708.850941 26274.580017 18348.485739 
过载： 0.001743 0.006081 0.023670 0.127508 0.617427 1.609927 1.466001 0.474923 0.119373 0.052424 0.037348 0.040892 0.069488 0.167702 0.495421 1.285391 2.102816 2.330909 0.858756 0.270133 0.174061 0.234477 0.590345 1.449883 1.361015 0.800296 0.634184 0.803055 1.185598 1.459414 1.263288 1.052513 1.274689 1.206697 0.969736 0.980316 1.216146 1.313425 1.353253 1.115997 

控制变量对应时间： 0.000000 81.389652 162.779305 244.168957 325.558609 406.948261 488.337914 569.727566 651.117218 732.506871 813.896523 895.286175 976.675828 1058.065480 1139.455132 1220.844784 1302.234437 1383.624089 1465.013741 1546.403394 
倾侧角： 0.999634 0.341024 -1.265363 0.209864 -0.712600 -0.675016 0.853305 0.295258 -0.389942 -0.282475 1.033724 0.041206 1.308742 -0.488717 1.229142 0.945432 -0.904524 0.510193 -0.129157 0.043166 
攻角： 0.213033 0.332033 0.263896 0.327116 0.315094 0.181666 0.223313 0.182960 0.248790 0.224001 0.307861 0.225513 0.297671 0.198300 0.222088 0.289586 0.331633 0.196995 0.181048 0.213736 
状态变量对应时间： 0.000000 39.651369 79.302738 118.954107 158.605476 198.256845 237.908214 277.559583 317.210953 356.862322 396.513691 436.165060 475.816429 515.467798 555.119167 594.770536 634.421905 674.073274 713.724643 753.376012 793.027381 832.678750 872.330119 911.981489 951.632858 991.284227 1030.935596 1070.586965 1110.238334 1149.889703 1189.541072 1229.192441 1268.843810 1308.495179 1348.146548 1387.797917 1427.449286 1467.100656 1506.752025 1546.403394 
高度： 6478000.000000 6467515.667853 6456084.064749 6444293.266091 6433983.846538 6428093.208073 6434566.375346 6447267.560566 6458115.288756 6465478.900426 6469091.232725 6468900.722566 6464911.934593 6457155.329891 6445804.063304 6432051.367951 6424395.446491 6430408.841196 6440068.253229 6445886.279464 6446366.372716 6441247.081307 6431582.698310 6423511.215060 6424888.972911 6428140.063583 6428119.924978 6426125.712680 6423084.038172 6419265.031276 6414114.741955 6413797.801896 6418866.001749 6421843.073356 6417387.914463 6409439.589486 6405247.495654 6404997.390927 6403386.271043 6399541.536706 
经度： 2.792533 2.834305 2.877236 2.921337 2.966244 3.010480 3.052911 3.095042 3.137841 3.181519 3.226159 3.271808 3.318495 3.366237 3.415015 3.464642 3.513763 3.560509 3.605910 3.651188 3.696598 3.742136 3.787582 3.831985 3.873559 3.912134 3.948488 3.983181 4.016159 4.046435 4.071900 4.090062 4.102889 4.114375 4.125672 4.136046 4.143881 4.149577 4.154258 4.158095 
纬度： 0.436333 0.459323 0.481561 0.502948 0.523537 0.543923 0.563839 0.582432 0.599931 0.616398 0.631799 0.646096 0.659242 0.671184 0.681849 0.691109 0.698825 0.705550 0.711448 0.716262 0.719899 0.722239 0.723137 0.722604 0.720100 0.715052 0.708180 0.700664 0.692887 0.683931 0.672854 0.659936 0.647076 0.635224 0.624281 0.614032 0.604718 0.596994 0.590744 0.585662 
速度： 7200.000000 7212.672528 7222.934198 7215.128995 7131.481379 6858.202002 6557.504588 6468.405630 6439.366302 6424.951564 6418.074969 6417.210538 6421.633038 6429.918036 6435.037040 6386.644737 6078.947131 5745.469166 5639.201638 5601.573534 5582.115464 5562.913821 5503.118379 5269.607178 4902.234502 4679.848475 4525.932111 4380.407964 4184.819888 3905.200381 3428.458993 2849.184578 2514.436315 2364.052136 2252.305073 2034.785403 1635.772807 1306.668334 1077.269760 867.424263 
航迹角： -0.034907 -0.038440 -0.041183 -0.040108 -0.031824 -0.003978 0.045741 0.047969 0.036000 0.021603 0.006734 -0.008227 -0.023094 -0.037708 -0.050767 -0.053065 -0.003535 0.044026 0.036828 0.014491 -0.010369 -0.035481 -0.048598 -0.019763 0.024001 0.006415 -0.005106 -0.017140 -0.017599 -0.033292 -0.028586 0.023631 0.058657 -0.008020 -0.082094 -0.093584 -0.022171 -0.003553 -0.068047 -0.125584 
航向角： 1.012293 1.033165 1.055843 1.079071 1.089214 1.067944 1.073429 1.100286 1.126379 1.154192 1.183545 1.214229 1.246281 1.279877 1.315266 1.353140 1.381842 1.389247 1.415368 1.447341 1.482882 1.522865 1.566606 1.609267 1.697177 1.786040 1.838303 1.854507 1.892529 1.995366 2.183869 2.421108 2.493494 2.461322 2.437563 2.485715 2.582699 2.594367 2.579974 2.586590 
热流密度： 26.440692 54.766361 120.962164 271.714756 533.040353 707.351223 393.127294 156.900330 73.241164 43.779313 34.015223 34.450199 45.449967 77.889994 170.748265 430.228705 624.194538 345.249051 167.282415 109.682182 104.955386 147.750983 277.995090 422.990324 306.357752 211.543815 190.657250 197.350451 210.764666 220.551304 208.719172 119.085166 56.645528 37.991147 44.340239 55.690239 37.381604 18.742953 11.401606 7.510359 
动压： 32.757080 139.477230 676.269242 3428.199522 13871.917964 28897.170273 10823.797854 1828.558359 406.232147 146.550317 88.878217 91.218664 158.299973 462.348265 2214.279038 14521.623581 37797.861093 14738.545116 3749.333489 1658.930738 1541.927031 3101.344456 11501.260622 32085.122090 22964.260587 13368.824831 12538.666979 15461.545773 21462.226019 31640.420155 49600.771438 35785.417590 13858.804693 8126.972242 13632.901789 33282.612098 38335.073364 25319.446420 21489.490662 23670.908517 
过载： 0.001579 0.008087 0.046156 0.215374 0.787298 1.759820 0.720878 0.122252 0.026814 0.008312 0.004069 0.004144 0.007709 0.021926 0.097615 0.667691 1.933939 0.772012 0.189367 0.088377 0.093153 0.188447 0.616410 1.669927 1.335061 0.788429 0.635370 0.708437 1.022977 1.596514 2.776484 2.193637 0.902033 0.539692 0.746276 1.491432 1.669789 1.077685 0.968023 1.125641 

控制变量对应时间： 0.000000 74.704492 149.408985 224.113477 298.817970 373.522462 448.226955 522.931447 597.635940 672.340432 747.044925 821.749417 896.453910 971.158402 1045.862895 1120.567387 1195.271880 1269.976372 1344.680865 1419.385357 
倾侧角： -0.206199 0.435111 1.274141 0.030979 -0.304292 0.229125 -0.785552 -1.114175 -0.050069 -0.855606 0.149952 -0.560646 -1.027588 -0.042740 1.191814 -0.367017 -1.389619 1.051024 -0.701265 0.121913 
攻角： 0.262410 0.178395 0.285479 0.198327 0.274730 0.222935 0.338020 0.326637 0.188324 0.262490 0.311840 0.206428 0.176174 0.262351 0.345461 0.227979 0.271950 0.336049 0.201842 0.281761 
状态变量对应时间： 0.000000 36.394496 72.788993 109.183489 145.577985 181.972482 218.366978 254.761474 291.155971 327.550467 363.944963 400.339460 436.733956 473.128452 509.522949 545.917445 582.311941 618.706438 655.100934 691.495430 727.889927 764.284423 800.678919 837.073416 873.467912 909.862408 946.256905 982.651401 1019.045897 1055.440394 1091.834890 1128.229387 1164.623883 1201.018379 1237.412876 1273.807372 1310.201868 1346.596365 1382.990861 1419.385357 
高度： 6478000.000000 6468420.865400 6458022.561720 6446990.074159 6436007.667180 6427470.691493 6429278.889447 6438772.395285 6448555.022116 6456095.554193 6460725.250507 6462257.754878 6460664.411663 6455969.610052 6448266.525550 6437945.273971 6427840.336536 6425211.499649 6430789.253156 6437402.100716 6441208.104757 6441484.958701 6438020.733860 6431232.420231 6423141.422581 6417657.035050 6421015.603196 6429522.032907 6434699.257669 6433158.131273 6425243.101861 6417168.997618 6415476.987904 6414831.193686 6414195.216525 6416916.973323 6416136.646327 6411726.874997 6405960.692296 6405391.478554 
经度： 2.792533 2.830830 2.870098 2.910372 2.951643 2.993668 3.035374 3.076399 3.117431 3.158799 3.200603 3.242869 3.285601 3.328784 3.372378 3.416252 3.459927 3.502249 3.542655 3.581936 3.620783 3.659419 3.697872 3.736035 3.773420 3.808665 3.840204 3.869277 3.897577 3.925572 3.953209 3.979806 4.003980 4.025209 4.043269 4.059204 4.074188 4.088197 4.100571 4.110557 
纬度： 0.436333 0.457464 0.477973 0.497780 0.516617 0.533424 0.547275 0.559358 0.570450 0.580639 0.589908 0.598240 0.605623 0.612054 0.617545 0.622189 0.626210 0.629529 0.632307 0.634838 0.636829 0.638030 0.638421 0.638161 0.637703 0.638254 0.640612 0.643307 0.645399 0.646711 0.647135 0.646986 0.647739 0.650410 0.654791 0.658716 0.661187 0.663223 0.665693 0.668226 
速度： 7200.000000 7211.648465 7222.450575 7224.649052 7177.319445 6957.425235 6618.910908 6476.566785 6427.803551 6406.146769 6395.023184 6390.012155 6389.341522 6391.203317 6390.487043 6364.331198 6229.344696 5920.673616 5678.024225 5571.362637 5518.290062 5482.338034 5448.546415 5386.129163 5200.407175 4762.847330 4262.418089 4062.735847 3984.265436 3935.401469 3857.032186 3613.769283 3200.378568 2840.862142 2468.212193 2215.986603 2057.162024 1902.269612 1633.122727 1290.321471 
航迹角： -0.034907 -0.038124 -0.040976 -0.042569 -0.040408 -0.019730 0.030711 0.043955 0.037831 0.026325 0.013296 -0.000140 -0.013549 -0.026769 -0.039268 -0.048086 -0.034410 0.010550 0.035469 0.026551 0.010530 -0.007996 -0.026560 -0.040860 -0.039523 -0.014870 0.050275 0.052678 0.014452 -0.036245 -0.068603 -0.041600 0.005253 -0.023772 0.023706 0.019260 -0.036257 -0.087510 -0.069085 0.033309 
航向角： 1.012293 1.031281 1.051664 1.074549 1.108134 1.171020 1.224671 1.249325 1.272892 1.297814 1.323911 1.350661 1.377690 1.404646 1.430525 1.451131 1.464415 1.483816 1.487262 1.496913 1.518779 1.545708 1.569860 1.586609 1.578886 1.515107 1.453693 1.464304 1.494356 1.531429 1.570696 1.572908 1.479249 1.337488 1.236100 1.323151 1.392476 1.366571 1.277344 1.258807 
热流密度： 26.440692 51.430847 105.811158 226.564321 473.090799 772.538141 582.852213 282.905201 140.757374 82.820488 59.865433 53.731647 59.948911 82.930231 140.974880 283.455398 531.661957 543.002853 324.034556 193.509017 144.437180 138.819276 172.857714 266.149818 416.213242 460.517879 257.542277 123.191634 81.082282 86.731350 140.470422 199.595448 152.970525 109.880983 73.721908 43.516684 36.330654 38.475604 35.407166 17.531499 
动压： 32.757080 123.080166 517.616985 2370.065014 10630.176805 32404.130720 22857.254794 5912.733274 1512.037026 531.126833 279.589207 225.991616 281.443116 537.910103 1555.165880 6399.143019 24686.429607 32040.381291 13659.153636 5285.152813 3068.229340 2914.981729 4641.517452 11562.494342 32882.169138 58742.932382 29611.835889 8327.828656 3923.229035 4733.567751 13538.483339 36171.017269 35821.104100 30853.089647 25423.637549 14081.930703 13513.914309 21222.193224 34633.045189 23384.402768 
过载： 0.001856 0.006089 0.022088 0.118973 0.627149 1.724718 1.056417 0.298159 0.086137 0.029210 0.014192 0.012825 0.018799 0.037261 0.105873 0.382698 1.187966 1.502226 0.723905 0.307944 0.192111 0.176453 0.239357 0.526659 1.417625 2.586655 1.508573 0.484786 0.257157 0.322927 0.782564 1.835110 1.946785 1.799496 1.623701 0.954088 0.758435 0.977935 1.815018 1.381972 

控制变量对应时间： 0.000000 73.168930 146.337859 219.506789 292.675718 365.844648 439.013578 512.182507 585.351437 658.520366 731.689296 804.858225 878.027155 951.196085 1024.365014 1097.533944 1170.702873 1243.871803 1317.040733 1390.209662 
倾侧角： 1.092188 0.907252 0.766291 0.985317 -1.223603 -0.184808 0.454201 0.020496 -0.118333 0.423861 1.291356 0.377159 -1.374279 0.781717 -0.957875 -1.083580 -1.181758 0.726747 0.235346 0.217534 
攻角： 0.245605 0.301309 0.255453 0.200804 0.203366 0.266106 0.230909 0.244289 0.224134 0.333599 0.289245 0.268408 0.272647 0.325742 0.174539 0.211845 0.250532 0.252098 0.206902 0.319174 
状态变量对应时间： 0.000000 35.646402 71.292803 106.939205 142.585606 178.232008 213.878410 249.524811 285.171213 320.817614 356.464016 392.110418 427.756819 463.403221 499.049622 534.696024 570.342426 605.988827 641.635229 677.281630 712.928032 748.574433 784.220835 819.867237 855.513638 891.160040 926.806441 962.452843 998.099245 1033.745646 1069.392048 1105.038449 1140.684851 1176.331253 1211.977654 1247.624056 1283.270457 1318.916859 1354.563261 1390.209662 
高度： 6478000.000000 6468619.653447 6458433.820678 6447635.962449 6437034.798151 6429413.708263 6428032.710676 6432212.196904 6439361.803335 6445187.191964 6448544.557487 6449384.537612 6447632.079353 6443361.652309 6437250.663235 6431417.285166 6429250.804373 6431554.918409 6435966.865692 6439681.110902 6440537.752177 6437276.442531 6430548.267170 6425136.972943 6426384.456323 6428559.571655 6428624.049138 6428683.185940 6427776.046835 6424661.198271 6418357.477763 6412718.631781 6411055.923387 6410579.669498 6411557.716790 6413616.429650 6411613.509432 6406368.407899 6402825.981966 6402680.835609 
经度： 2.792533 2.830034 2.868470 2.907877 2.948239 2.989306 3.030481 3.071299 3.111770 3.152239 3.192955 3.234008 3.275419 3.317164 3.359128 3.400981 3.442122 3.482187 3.521357 3.559934 3.598105 3.635905 3.673143 3.709148 3.743243 3.775852 3.807373 3.837715 3.866864 3.895060 3.922180 3.947167 3.968319 3.985076 3.998082 4.009293 4.019936 4.029910 4.038608 4.045627 
纬度： 0.436333 0.457034 0.477131 0.496533 0.515017 0.531935 0.546220 0.557842 0.568131 0.577724 0.586550 0.594520 0.601577 0.607667 0.612743 0.616798 0.619887 0.622122 0.623449 0.623755 0.623017 0.621197 0.618182 0.613873 0.609158 0.605140 0.601647 0.597684 0.592926 0.588128 0.584049 0.582129 0.583742 0.588258 0.594117 0.599451 0.603645 0.606855 0.609070 0.610311 
速度： 7200.000000 7211.380939 7221.544710 7222.566397 7182.090254 7016.149608 6731.361938 6512.950542 6412.475081 6368.530847 6344.113633 6327.994130 6315.403222 6299.168868 6260.694959 6159.585448 5981.149818 5810.910864 5695.338686 5624.486368 5579.679439 5537.381612 5453.265457 5243.918891 4976.604372 4800.026683 4647.519467 4501.471351 4373.174431 4242.270036 4007.705046 3512.279339 2896.619341 2410.404495 2042.340323 1826.676271 1677.194852 1490.589993 1200.867191 929.213553 
航迹角： -0.034907 -0.038119 -0.040985 -0.042486 -0.038364 -0.019369 0.006781 0.027816 0.030486 0.020234 0.009341 -0.001989 -0.013539 -0.024016 -0.029127 -0.020910 0.001453 0.018533 0.022139 0.012882 -0.005322 -0.027337 -0.037705 -0.013201 0.019761 0.002405 0.001286 -0.002324 -0.010147 -0.032588 -0.048794 -0.030547 -0.002715 -0.007719 0.035316 0.007907 -0.070323 -0.103238 -0.037090 0.013416 
航向角： 1.012293 1.031006 1.051309 1.074375 1.104449 1.152993 1.220855 1.268720 1.286967 1.305635 1.328638 1.354059 1.381071 1.409696 1.438802 1.466371 1.490995 1.514455 1.544735 1.577688 1.611841 1.648917 1.692331 1.736918 1.731803 1.707779 1.708223 1.750721 1.774240 1.766699 1.721660 1.584942 1.365436 1.145719 1.030878 1.085339 1.163356 1.232125 1.313867 1.404706 
热流密度： 26.440692 50.725047 102.813313 216.502663 441.679922 693.835602 669.742615 452.559814 263.264556 172.428646 135.162349 126.541095 141.894164 188.917957 282.368870 401.012437 424.417517 330.613103 228.966146 170.397976 156.631839 191.466660 290.102883 372.374760 289.775331 222.602605 200.184074 180.293117 175.217103 197.351458 254.754143 247.968739 151.537638 87.781270 48.690644 29.726993 26.080143 25.819972 16.684942 7.513187 
动压： 32.757080 119.744316 488.965849 2166.916222 9239.019743 25210.265305 28071.297350 14770.554232 5343.964810 2361.235486 1475.046234 1307.098621 1657.653194 2971.103460 6814.687806 14741.224951 18737.072765 12872.985351 6731.281139 3934.248625 3440.563642 5312.102461 13024.762502 25393.881742 19257.490431 13274.007406 12333.805124 11476.864544 12274.845106 17745.866817 37764.179502 63103.032194 53975.561396 39912.258152 25039.717557 15081.564501 16757.146939 27274.734089 28847.637097 17621.420172 
过载： 0.001760 0.006982 0.030791 0.128359 0.509460 1.275003 1.296592 0.675812 0.246164 0.118462 0.081769 0.071441 0.085696 0.152917 0.357605 0.762772 0.938239 0.703505 0.431807 0.262639 0.216252 0.318221 0.755415 1.448467 1.106114 0.788318 0.789513 0.723280 0.616710 0.749509 1.700117 3.023976 2.755117 2.145616 1.350314 0.809833 0.837556 1.281262 1.617230 1.158027 

控制变量对应时间： 0.000000 78.977084 157.954168 236.931251 315.908335 394.885419 473.862503 552.839587 631.816670 710.793754 789.770838 868.747922 947.725006 1026.702090 1105.679173 1184.656257 1263.633341 1342.610425 1421.587509 1500.564592 
倾侧角： 0.002088 -0.625160 0.698453 0.713367 1.345814 -0.803364 1.391238 -0.863617 -0.803108 -1.126192 -0.657290 1.020259 -0.224011 0.230659 -0.787682 0.785296 -0.431787 0.360114 -0.852197 0.637944 
攻角： 0.249893 0.229966 0.192020 0.262010 0.279934 0.244225 0.181618 0.323878 0.254772 0.254825 0.327979 0.203792 0.201725 0.197480 0.183855 0.234142 0.235831 0.203163 0.233439 0.240007 
状态变量对应时间： 0.000000 38.476015 76.952030 115.428046 153.904061 192.380076 230.856091 269.332106 307.808122 346.284137 384.760152 423.236167 461.712182 500.188197 538.664213 577.140228 615.616243 654.092258 692.568273 731.044289 769.520304 807.996319 846.472334 884.948349 923.424365 961.900380 1000.376395 1038.852410 1077.328425 1115.804441 1154.280456 1192.756471 1231.232486 1269.708501 1308.184516 1346.660532 1385.136547 1423.612562 1462.088577 1500.564592 
高度： 6478000.000000 6467847.336977 6456792.114156 6445149.083526 6434414.763862 6428399.107544 6431295.134656 6439344.281588 6446536.434722 6450879.573630 6452300.287475 6450716.358418 6446164.881272 6438617.664900 6430879.218348 6428539.203584 6431026.526760 6434349.926059 6435254.944990 6432414.760748 6427411.605936 6426079.877036 6429849.701237 6431703.280433 6428706.177120 6423666.547016 6421224.941841 6422510.356173 6423853.846755 6421848.668673 6417979.559889 6416707.483549 6417187.282078 6417651.153901 6415679.367616 6412010.040888 6409295.853945 6407759.585383 6405247.824996 6403101.421604 
经度： 2.792533 2.833049 2.874648 2.917339 2.961021 3.005298 3.049451 3.093424 3.137652 3.182310 3.227424 3.272979 3.318954 3.365271 3.411520 3.456535 3.499724 3.541721 3.583085 3.623954 3.664003 3.702307 3.738846 3.774530 3.809641 3.843856 3.876407 3.906868 3.935616 3.963089 3.989096 4.012913 4.034219 4.053603 4.071576 4.087985 4.102349 4.114753 4.125336 4.134039 
纬度： 0.436333 0.458654 0.480283 0.501160 0.521079 0.539144 0.554270 0.566888 0.577853 0.587527 0.596064 0.603541 0.609905 0.614989 0.618684 0.622041 0.625903 0.629739 0.633225 0.636379 0.639519 0.643177 0.646581 0.648723 0.649665 0.649817 0.649513 0.648529 0.647027 0.645611 0.644482 0.642637 0.639514 0.636236 0.633371 0.630512 0.627532 0.625470 0.624860 0.624464 
速度： 7200.000000 7212.301683 7223.151616 7221.919168 7162.267629 6943.449000 6658.804219 6523.182720 6471.336606 6446.907998 6433.316232 6424.643278 6415.446954 6389.298800 6273.310649 6013.303802 5789.754240 5659.633380 5571.637923 5479.817577 5308.400275 5021.291278 4825.122141 4723.204155 4626.930195 4460.446904 4188.707289 3931.423951 3747.855453 3585.901249 3347.453277 3039.857788 2763.053240 2553.050840 2366.626006 2142.923059 1853.315284 1570.031673 1302.972063 1059.614895 
航迹角： -0.034907 -0.038298 -0.041199 -0.041811 -0.033747 -0.007451 0.026488 0.032846 0.023502 0.011560 -0.000226 -0.012513 -0.024454 -0.035378 -0.023313 0.002342 0.016365 0.011410 -0.004070 -0.021751 -0.021783 0.009905 0.022226 -0.004526 -0.026339 -0.026958 -0.001428 0.013470 0.000841 -0.028597 -0.021997 -0.002512 0.009819 -0.005816 -0.034161 -0.046633 -0.022327 -0.036549 -0.045001 -0.065005 
航向角： 1.012293 1.032378 1.053584 1.075767 1.104781 1.156889 1.220008 1.265874 1.301116 1.332243 1.360667 1.388642 1.419784 1.455898 1.485737 1.468731 1.456642 1.461860 1.471646 1.477186 1.466270 1.443038 1.473267 1.518004 1.554531 1.573399 1.594252 1.628195 1.639636 1.627793 1.631521 1.714237 1.777171 1.771286 1.767433 1.807742 1.818516 1.704371 1.600583 1.692645 
热流密度： 26.440692 53.519918 115.211586 256.910734 524.510413 720.075558 516.922296 278.184881 165.245231 121.045482 109.027007 121.088109 164.962278 273.976868 440.851095 453.345012 338.958819 250.939414 224.409490 259.015470 330.834806 304.374208 207.035828 170.355209 196.289502 247.526204 240.280061 180.102834 141.217540 141.084706 148.307423 119.502761 85.586276 64.621922 58.300711 54.912717 41.907168 27.627766 18.258548 11.037912 
动压： 32.757080 133.230131 613.418171 3052.442496 13185.000676 28396.959143 17520.074240 5543.451844 2024.291191 1104.015336 903.831311 1121.350767 2094.029597 5878.524189 16467.850103 20891.057725 13744.995138 8306.868619 7106.328815 10168.255339 19018.134286 20445.544717 11227.796943 8332.632355 12087.145376 22501.145363 27783.098982 20500.567540 15481.048688 18684.279253 27755.087113 27275.712439 21092.290331 16892.476245 19049.323607 25900.422465 28163.321820 24978.976522 24322.086076 21623.526096 
过载： 0.001784 0.007011 0.031161 0.145361 0.586467 1.392818 0.961368 0.317255 0.119227 0.062803 0.048712 0.055274 0.092675 0.295827 1.024577 1.315141 0.784211 0.454122 0.388670 0.588818 1.220229 1.275245 0.582994 0.384167 0.554860 1.026485 1.257769 0.917322 0.676945 0.821272 1.327941 1.392897 1.080549 0.860602 0.920028 1.196644 1.367903 1.271381 1.250343 1.122757 

控制变量对应时间： 0.000000 79.558542 159.117083 238.675625 318.234167 397.792709 477.351250 556.909792 636.468334 716.026876 795.585417 875.143959 954.702501 1034.261042 1113.819584 1193.378126 1272.936668 1352.495209 1432.053751 1511.612293 
倾侧角： 0.506869 -0.088846 1.331923 0.047257 -1.223688 0.303696 0.908786 0.526812 -1.355785 0.242249 0.366335 -0.601809 -1.144089 -1.257778 1.342916 0.095579 0.765609 -0.196825 -0.493830 0.756150 
攻角： 0.320000 0.258639 0.330530 0.199941 0.190369 0.246478 0.236465 0.245983 0.330717 0.280211 0.276030 0.305997 0.317214 0.238393 0.194140 0.208697 0.188792 0.293794 0.189975 0.322125 
状态变量对应时间： 0.000000 38.759290 77.518579 116.277869 155.037158 193.796448 232.555737 271.315027 310.074316 348.833606 387.592896 426.352185 465.111475 503.870764 542.630054 581.389343 620.148633 658.907923 697.667212 736.426502 775.185791 813.945081 852.704370 891.463660 930.222949 968.982239 1007.741529 1046.500818 1085.260108 1124.019397 1162.778687 1201.537976 1240.297266 1279.056555 1317.815845 1356.575135 1395.334424 1434.093714 1472.853003 1511.612293 
高度： 6478000.000000 6467771.621651 6456651.147175 6445057.476917 6434470.652507 6427612.403069 6431416.042163 6441155.628996 6449543.410459 6454659.784282 6456312.180096 6454519.598309 6449321.535907 6440956.485885 6431013.698383 6426427.731096 6431988.701031 6438150.051464 6440398.303269 6438957.129895 6434211.661830 6428546.828424 6427206.783120 6430104.001628 6431763.946820 6429035.821230 6421703.456114 6413018.053160 6419117.506305 6428152.557565 6427190.674883 6417999.886495 6409963.000303 6409317.069129 6410784.016543 6411623.305963 6409326.252264 6403448.971896 6398939.333844 6397591.201689 
经度： 2.792533 2.833352 2.875273 2.918318 2.962435 3.007272 3.051698 3.095576 3.139566 3.183939 3.228776 3.274097 3.319888 3.366079 3.412375 3.457651 3.500843 3.542685 3.583964 3.624889 3.665395 3.705091 3.743215 3.779602 3.814770 3.849029 3.882177 3.912731 3.937991 3.960750 3.983078 4.004977 4.025276 4.042289 4.056096 4.067817 4.078261 4.087611 4.095304 4.100818 
纬度： 0.436333 0.458815 0.480585 0.501556 0.521309 0.538271 0.551720 0.563368 0.574029 0.583722 0.592395 0.599993 0.606466 0.611719 0.615499 0.617279 0.618031 0.618829 0.619208 0.618735 0.617242 0.614609 0.611102 0.607572 0.604321 0.601382 0.599267 0.599717 0.602904 0.605473 0.607213 0.608344 0.608624 0.607162 0.604311 0.601289 0.598765 0.596984 0.596117 0.595134 
速度： 7200.000000 7212.277879 7222.835036 7218.874786 7138.797760 6859.841381 6548.553515 6439.018835 6401.392345 6384.152993 6375.447141 6371.625926 6368.861571 6353.849815 6267.355299 5989.758123 5728.060885 5616.438356 5560.433726 5517.160826 5455.233505 5320.168588 5087.489514 4893.699565 4765.936295 4644.877561 4429.596789 3879.863748 3231.188706 3087.498339 3031.942907 2934.019692 2567.968804 2107.186078 1787.678364 1569.805090 1406.403291 1220.055480 916.504972 646.589027 
航迹角： -0.034907 -0.038295 -0.041030 -0.040953 -0.034442 -0.010177 0.034201 0.038699 0.027610 0.013647 -0.000284 -0.014217 -0.027770 -0.039272 -0.037909 0.003628 0.035168 0.018701 0.002040 -0.015346 -0.027620 -0.022181 0.008274 0.016360 -0.001330 -0.029161 -0.051753 -0.034928 0.100203 0.034594 -0.049074 -0.098203 -0.042196 0.012926 0.023552 -0.004384 -0.079072 -0.143241 -0.065409 -0.064762 
航向角： 1.012293 1.032623 1.054346 1.078678 1.119570 1.198198 1.254585 1.279129 1.302741 1.328631 1.356383 1.385595 1.416329 1.450574 1.494510 1.546625 1.547436 1.550432 1.570715 1.600124 1.632657 1.670999 1.690039 1.685370 1.679814 1.666286 1.618742 1.466518 1.409050 1.458583 1.492898 1.523212 1.598786 1.757023 1.862623 1.872048 1.833134 1.747330 1.693686 1.938168 
热流密度： 26.440692 53.799392 116.320394 258.194846 517.119528 731.735925 486.368931 235.693489 129.793314 90.450490 80.367734 90.765378 129.695244 229.135839 435.478909 517.923915 306.683259 188.510646 156.432667 168.569555 225.624646 308.076936 293.489711 212.686375 174.526234 194.234225 277.261256 332.353701 122.670589 57.023964 57.545340 97.771485 111.811249 62.701372 33.760842 21.158881 17.534128 16.802069 9.310696 3.404798 
动压： 32.757080 134.627095 625.400043 3088.627406 12998.202856 30892.105535 16664.634099 4207.845177 1308.620726 642.934889 510.571916 652.910339 1335.585190 4211.302621 16134.702643 27730.728274 11782.477526 4844.832314 3483.187815 4182.830646 7866.199662 16335.350114 17968.419010 11151.369513 8413.434271 11639.958304 29087.178903 73888.945973 22106.103059 5808.916467 6396.011122 21262.909582 49320.147809 36301.196487 21343.786346 14660.136309 16150.469050 27326.411321 28712.686046 17209.574234 
过载： 0.002196 0.008265 0.034957 0.189226 0.876161 1.783795 0.784200 0.189128 0.057998 0.030688 0.026721 0.034553 0.069458 0.219613 0.851567 1.594582 0.765542 0.318183 0.213463 0.246790 0.460636 0.971826 1.115356 0.714499 0.547738 0.734766 1.635532 3.731513 1.041033 0.261274 0.294878 0.989792 2.214873 1.630446 1.138780 0.885110 0.834141 1.211550 1.575142 1.138618 

