-0.257479 0.214441 -0.743587 -1.395724 -0.248401 0.060654 -0.625854 -0.691899 -0.077226 -0.560210 -0.281957 0.346271 -0.386913 -0.370520 -0.390055 -0.413207 -0.227322 -0.509823 0.518141 0.981923 
-0.924308 0.815516 -1.373207 -1.396267 -0.497620 0.272723 -0.313229 -0.073083 -1.349933 -1.334353 -1.276602 -0.085297 -0.454414 0.301873 0.554108 -0.479880 -1.396267 -0.793650 -0.101112 -1.197496 
-0.256624 0.215287 -0.743805 -1.395642 -0.252001 0.059861 -0.620752 -0.699820 -0.076263 -0.558937 -0.299594 0.341957 -0.390092 -0.373387 -0.390278 -0.416459 -0.227295 -0.507142 0.524372 0.984103 
-0.198522 0.212751 -0.643235 -1.395550 -0.249706 0.031179 -0.591614 -0.668906 -0.074581 -0.594397 -0.316650 0.403615 -0.215985 -0.390480 -0.474188 -0.415315 -0.203916 -0.501899 0.514922 0.908637 
-0.260622 0.215172 -0.745413 -1.395405 -0.253374 0.061132 -0.625102 -0.683977 -0.077495 -0.563301 -0.277413 0.347987 -0.385584 -0.370200 -0.390129 -0.416085 -0.229828 -0.506888 0.526076 0.982763 
-0.259101 0.214531 -0.741237 -1.395518 -0.267027 0.058050 -0.624643 -0.707374 -0.081084 -0.551155 -0.285388 0.351672 -0.383584 -0.371730 -0.388220 -0.416678 -0.227251 -0.497076 0.525960 0.981149 
-0.230449 0.214490 -0.743072 -1.395851 -0.250071 0.062008 -0.616920 -0.690460 -0.080187 -0.562814 -0.287831 0.343039 -0.383712 -0.364984 -0.395813 -0.414930 -0.198893 -0.502815 0.529781 0.980755 
-0.249679 0.677536 -0.748491 -1.143650 -0.248552 0.315456 -0.608003 -0.592714 -0.280533 -0.307928 -0.345761 -0.148942 -0.389797 -0.332352 -0.271926 -0.508970 -0.201922 -0.428303 0.311538 1.122513 
-0.182736 -0.023277 -0.654378 -1.396267 -0.363923 -0.130469 0.092488 -0.599770 -0.130512 -0.827705 -0.265879 0.531852 -1.029645 -0.367864 -0.055454 -0.431263 0.193990 -0.577732 0.735852 0.976332 
-0.258246 0.391653 -0.749380 -1.395652 -0.252870 0.070504 -0.651846 -0.690785 -0.090312 -0.589724 -0.266332 0.389781 -0.401499 -0.369608 -0.388979 -0.416251 -0.231021 -0.498858 0.554489 0.999698 
-0.259422 0.214661 -0.744406 -1.395578 -0.258635 0.059528 -0.626009 -0.685899 -0.076369 -0.560655 -0.285328 0.341408 -0.388898 -0.370139 -0.392504 -0.415378 -0.227370 -0.503383 0.527010 0.981483 
0.063539 0.164085 -0.521237 -1.141284 -0.135635 0.425206 -0.803740 -1.059549 -0.197101 -0.336765 0.004202 0.888247 -0.469826 -0.484366 -0.521600 -0.766903 -0.619360 -0.377679 0.463613 1.396267 
-0.263182 0.214071 -0.737369 -1.395622 -0.254329 0.058770 -0.632627 -0.683078 -0.079046 -0.561250 -0.282016 0.344531 -0.390274 -0.370382 -0.389730 -0.413233 -0.227254 -0.498119 0.515751 0.986358 
-0.259366 0.213872 -0.744077 -1.395666 -0.255171 0.059599 -0.626414 -0.687399 -0.077149 -0.559707 -0.284664 0.346425 -0.386582 -0.369019 -0.384147 -0.413582 -0.227363 -0.502299 0.527456 0.982043 
-0.277016 0.143927 -0.654799 -1.336394 -0.796974 0.051764 -0.628738 -0.728201 -0.070644 -0.477089 -0.331362 0.357856 -0.389449 -0.425465 -0.384554 -0.408207 -0.207875 -0.492501 0.468048 1.067077 
-0.259886 0.218718 -0.741373 -1.395603 -0.264557 0.058546 -0.624362 -0.719174 -0.076921 -0.556915 -0.292362 0.333011 -0.391085 -0.372420 -0.381224 -0.415434 -0.227035 -0.499442 0.539585 0.979113 
-0.258865 0.215039 -0.743343 -1.395657 -0.245965 0.059704 -0.626431 -0.692580 -0.079852 -0.561226 -0.283155 0.345774 -0.388119 -0.370328 -0.390204 -0.419809 -0.227408 -0.499398 0.527069 0.981487 
-0.258979 0.213828 -0.742785 -1.395581 -0.253695 0.060500 -0.621860 -0.699308 -0.081664 -0.560341 -0.286220 0.342491 -0.384739 -0.372299 -0.388630 -0.416540 -0.227327 -0.481298 0.524775 0.979894 
-0.271421 0.210558 -0.812875 -1.355225 -0.248086 0.047239 -0.607265 -0.613959 -0.081097 -0.498117 -0.260613 0.373948 -0.349587 -0.373017 -0.395181 -0.540646 -0.227279 -0.560049 0.460383 1.056051 
-0.272740 0.242692 -0.760528 -1.396267 -0.184290 0.079648 -0.656588 -0.659123 -0.047120 -0.486300 -0.288776 0.394514 -0.399666 -0.298258 -0.424049 -0.397438 -0.351545 -0.494542 0.406528 0.868085 
0.677658 0.565077 0.563884 0.500563 -0.552209 -0.520761 1.287521 0.579480 0.086119 0.600275 0.383295 -1.303458 -0.875207 0.893104 -0.915774 0.233471 0.797057 -0.215744 -1.006878 0.314945 
-0.261748 0.219793 -0.745866 -1.395679 -0.275264 0.059363 -0.621501 -0.679421 -0.071629 -0.565337 -0.291481 0.345555 -0.386064 -0.372446 -0.390696 -0.413432 -0.227447 -0.503526 0.526028 0.981070 
-0.364846 0.229878 -0.688357 -1.396267 -0.250615 0.022287 -0.596968 -0.690358 -0.085889 -0.449884 -0.280804 0.342258 -0.381153 -0.381515 -0.380778 -0.481061 -0.268472 -0.522035 0.579576 0.939542 
-0.259591 0.218448 -0.740506 -1.395669 -0.252212 0.060000 -0.624032 -0.712047 -0.077813 -0.560478 -0.289468 0.340620 -0.368547 -0.371081 -0.395150 -0.416486 -0.226737 -0.501686 0.527074 0.928261 
-0.263362 0.214123 -0.738984 -1.395553 -0.271326 0.058684 -0.625233 -0.692211 -0.081132 -0.554944 -0.272519 0.346552 -0.384253 -0.371387 -0.387088 -0.412966 -0.227222 -0.504708 0.526249 0.985722 
-0.259133 0.213953 -0.743378 -1.395680 -0.251882 0.060527 -0.623811 -0.713470 -0.077780 -0.563104 -0.285755 0.335033 -0.381273 -0.370578 -0.388095 -0.414723 -0.226313 -0.501214 0.527828 0.975080 
-0.259220 0.214723 -0.746296 -1.395667 -0.236078 0.061195 -0.625232 -0.677301 -0.076735 -0.560489 -0.279645 0.340824 -0.387286 -0.369995 -0.392562 -0.413278 -0.229439 -0.502783 0.523386 0.983343 
-1.171616 -1.170764 1.180480 -0.807113 0.876060 0.472780 1.270220 0.174411 0.470394 -0.308468 -0.069415 -0.431276 -0.697942 0.605388 1.359791 -0.463746 -0.420793 -0.034047 -0.493063 -1.188832 
-0.467044 0.252607 -0.621310 -1.396267 -0.160480 -0.069117 -0.598633 -0.746350 -0.149840 -0.548952 -0.432072 0.796343 -0.338637 -0.413906 -0.775090 -0.316778 -0.302461 -0.532930 0.520220 1.027394 
-0.260359 0.213815 -0.744750 -1.395713 -0.259590 0.059542 -0.626703 -0.682796 -0.073998 -0.561026 -0.278405 0.342978 -0.387734 -0.367117 -0.385898 -0.416495 -0.228339 -0.498463 0.528910 0.982284 
-0.257024 0.213288 -0.741233 -1.395482 -0.255167 0.055947 -0.623035 -0.732556 -0.078211 -0.562222 -0.271914 0.368471 -0.389525 -0.399540 -0.389200 -0.412906 -0.228343 -0.503623 0.530169 0.983368 
-0.258023 0.213258 -0.743818 -1.395684 -0.254533 0.060970 -0.628065 -0.677282 -0.071989 -0.562096 -0.273035 0.358165 -0.389919 -0.367672 -0.394792 -0.414070 -0.227258 -0.486390 0.526801 0.982229 
-0.033347 0.131671 -0.689508 -1.328065 -0.011847 0.125020 -0.661845 -0.714918 0.035197 -0.471085 -0.329812 0.186281 -0.217993 -0.315276 -0.437153 -0.251867 -0.086650 -0.626643 0.450923 0.938095 
-0.303900 0.126291 -0.736372 -1.396267 -0.364628 0.049882 -0.532011 -0.647281 0.071619 -0.479623 -0.273601 0.368508 -0.372265 -0.393434 -0.393229 -0.399964 -0.151467 -0.548693 0.318589 0.998363 
-0.105439 0.216802 -0.393936 -1.396267 -0.172942 0.582393 -1.327730 -0.046310 -0.070597 -0.310138 -0.643178 0.349954 -0.473556 -0.705148 -1.200718 -0.319015 -0.261732 -0.642034 0.279161 0.868079 
-0.261513 0.212498 -0.733108 -1.395846 -0.260316 0.049844 -0.624917 -0.705763 -0.078883 -0.577580 -0.274296 0.345345 -0.376205 -0.350145 -0.396100 -0.418844 -0.208324 -0.489021 0.560138 0.985226 
-0.263259 0.212744 -0.743746 -1.395762 -0.257864 0.060253 -0.626731 -0.680348 -0.074398 -0.562043 -0.281818 0.344532 -0.388253 -0.369110 -0.394241 -0.412241 -0.227746 -0.501394 0.525922 0.989764 
-0.259974 0.213064 -0.749168 -1.395802 -0.255722 0.059762 -0.623542 -0.724973 -0.084349 -0.561261 -0.249111 0.341967 -0.393761 -0.367519 -0.390487 -0.414188 -0.224442 -0.496146 0.520747 0.986200 
-0.260613 0.206399 -0.741794 -1.395732 -0.293687 -0.037597 -0.593869 -0.669996 -0.090806 -0.606980 -0.274472 0.352473 -0.389919 -0.365900 -0.419663 -0.415882 -0.187790 -0.493479 0.508858 0.982380 
-0.253084 0.214676 -0.746979 -1.395748 -0.221331 0.089338 -0.624544 -0.682893 -0.075875 -0.570144 -0.273634 0.337257 -0.387858 -0.371062 -0.390454 -0.394598 -0.230142 -0.501115 0.603783 0.982912 
-0.252930 0.209558 -0.729797 -1.395170 -0.258750 0.038695 -0.626908 -0.723347 -0.011356 -0.597536 -0.304085 0.346240 -0.374548 -0.355765 -0.221400 -0.449686 -0.190964 -0.502251 0.540857 0.978076 
-0.314402 0.147824 -0.814997 -1.396267 -0.290537 0.072407 -0.278976 -0.664613 -0.081603 -0.637423 -0.243727 0.079761 -0.373594 -0.380589 -0.399929 -0.353297 -0.223236 -0.477719 0.703342 0.985399 
-0.258039 0.215209 -0.746124 -1.395667 -0.261331 0.061335 -0.629579 -0.672039 -0.076521 -0.561411 -0.283684 0.336113 -0.390386 -0.376364 -0.393243 -0.414245 -0.228369 -0.514393 0.541061 0.984885 
-0.419210 0.320642 -0.247119 -1.396267 -0.057525 -0.280803 -0.529103 -0.687882 -0.113175 -0.593613 -0.341491 0.251880 -0.634611 -0.538163 -0.290976 -0.152073 -0.275027 -0.422717 0.632780 1.080085 
-0.260667 0.213872 -0.746196 -1.395324 -0.259895 0.057568 -0.624625 -0.684871 -0.079000 -0.560411 -0.278401 0.342588 -0.384582 -0.368180 -0.382966 -0.410178 -0.228201 -0.498689 0.527821 0.983638 
-0.265255 0.214801 -0.730878 -1.395663 -0.262971 0.113154 -0.626561 -0.686952 -0.261048 -0.559222 -0.273270 0.344206 -0.389804 -0.356082 -0.391668 -0.414372 -0.227236 -0.497984 0.527229 1.031370 
-0.228583 0.208409 -0.739327 -1.396138 -0.231921 -0.000136 -0.473457 -0.694661 -0.046787 -0.646059 -0.248808 0.300110 -0.411525 -0.370398 -0.298399 -0.247128 -0.171847 -0.511139 0.526487 1.002672 
-0.261668 0.216080 -0.745099 -1.395478 -0.257591 0.059509 -0.620956 -0.687459 -0.076719 -0.559596 -0.284732 0.338907 -0.388159 -0.367561 -0.391175 -0.418222 -0.227193 -0.501647 0.526165 0.977092 
-0.730501 0.172246 -0.614399 -1.396267 -0.176068 -0.079642 0.249640 -0.644839 -0.213082 1.384373 -0.110168 1.174597 -0.191302 -0.153400 -0.305942 0.129227 -0.195272 -0.582403 1.396267 1.045164 
-0.258629 0.213175 -0.745963 -1.395714 -0.257154 0.059220 -0.624754 -0.685570 -0.073992 -0.561549 -0.268065 0.353327 -0.389086 -0.367621 -0.395121 -0.414100 -0.227662 -0.491990 0.525778 0.980763 
